== SegMaskSam3XW1G ==
  AlexaMeadeExhibit      {'gate': True, 'calls': 2640, 'nb_seen': 1980, 'nb_fail': 20, 'nb_dropped': 20, 'cells': 80, 'cells_fail': 20, 'per_view': {'0': {'seen': 0, 'fail': 0, 'frames_fail': []}, '1': {'seen': 660, 'fail': 0, 'frames_fail': []}, '2': {'seen': 660, 'fail': 0, 'frames_fail': []}, '3': {'seen': 660, 'fail': 20, 'frames_fail': [[1, 1], [2, 1], [3, 1], [4, 1], [5, 1], [6, 1], [7, 1], [8, 1], [9, 1], [10, 1], [11, 1], [12, 1], [13, 1], [14, 1], [15, 1], [16, 1], [17, 1], [18, 1], [19, 1], [20, 1]]}}}
  AlexaMeadeFacePaint    {'gate': True, 'calls': 1980, 'nb_seen': 1760, 'nb_fail': 420, 'nb_dropped': 420, 'cells': 180, 'cells_fail': 140, 'per_view': {'0': {'seen': 0, 'fail': 0, 'frames_fail': []}, '1': {'seen': 220, 'fail': 40, 'frames_fail': [[1, 2], [2, 2], [3, 2], [4, 2], [5, 2], [6, 2], [7, 2], [8, 2], [9, 2], [10, 2], [11, 2], [12, 2], [13, 2], [14, 2], [15, 2], [16, 2], [17, 2], [18, 2], [19, 2], [20, 2]]}, '2': {'seen': 220, 'fail': 20, 'frames_fail': [[1, 1], [2, 1], [3, 1], [4, 1], [5, 1], [6, 1], [7, 1], [8, 1], [9, 1], [10, 1], [11, 1], [12, 1], [13, 1], [14, 1], [15, 1], [16, 1], [17, 1], [18, 1], [19, 1], [20, 1]]}, '3': {'seen': 220, 'fail': 60, 'frames_fail': [[1, 3], [2, 3], [3, 3], [4, 3], [5, 3], [6, 3], [7, 3], [8, 3], [9, 3], [10, 3], [11, 3], [12, 3], [13, 3], [14, 3], [15, 3], [16, 3], [17, 3], [18, 3], [19, 3], [20, 3]]}, '4': {'seen': 220, 'fail': 140, 'frames_fail': [[1, 7], [2, 7], [3, 7], [4, 7], [5, 7], [6, 7], [7, 7], [8, 7], [9, 7], [10, 7], [11, 7], [12, 7], [13, 7], [14, 7], [15, 7], [16, 7], [17, 7], [18, 7], [19, 7], [20, 7]]}, '5': {'seen': 220, 'fail': 120, 'frames_fail': [[1, 6], [2, 6], [3, 6], [4, 6], [5, 6], [6, 6], [7, 6], [8, 6], [9, 6], [10, 6], [11, 6], [12, 6], [13, 6], [14, 6], [15, 6], [16, 6], [17, 6], [18, 6], [19, 6], [20, 6]]}, '6': {'seen': 220, 'fail': 20, 'frames_fail': [[1, 1], [2, 1], [3, 1], [4, 1], [5, 1], [6, 1], [7, 1], [8, 1], [9, 1], [10, 1], [11, 1], [12, 1], [13, 1], [14, 1], [15, 1], [16, 1], [17, 1], [18, 1], [19, 1], [20, 1]]}, '7': {'seen': 220, 'fail': 20, 'frames_fail': [[1, 1], [2, 1], [3, 1], [4, 1], [5, 1], [6, 1], [7, 1], [8, 1], [9, 1], [10, 1], [11, 1], [12, 1], [13, 1], [14, 1], [15, 1], [16, 1], [17, 1], [18, 1], [19, 1], [20, 1]]}, '8': {'seen': 220, 'fail': 0, 'frames_fail': []}}}
  Barn                   {'gate': True, 'calls': 6600, 'nb_seen': 6000, 'nb_fail': 0, 'nb_dropped': 0, 'cells': 220, 'cells_fail': 0, 'per_view': {'0': {'seen': 0, 'fail': 0, 'frames_fail': []}, '1': {'seen': 600, 'fail': 0, 'frames_fail': []}, '2': {'seen': 600, 'fail': 0, 'frames_fail': []}, '3': {'seen': 600, 'fail': 0, 'frames_fail': []}, '4': {'seen': 600, 'fail': 0, 'frames_fail': []}, '5': {'seen': 600, 'fail': 0, 'frames_fail': []}, '6': {'seen': 600, 'fail': 0, 'frames_fail': []}, '7': {'seen': 600, 'fail': 0, 'frames_fail': []}, '8': {'seen': 600, 'fail': 0, 'frames_fail': []}, '9': {'seen': 600, 'fail': 0, 'frames_fail': []}, '10': {'seen': 600, 'fail': 0, 'frames_fail': []}}}
  Blocks                 {'gate': True, 'calls': 3000, 'nb_seen': 2700, 'nb_fail': 201, 'nb_dropped': 201, 'cells': 200, 'cells_fail': 140, 'per_view': {'0': {'seen': 0, 'fail': 0, 'frames_fail': []}, '1': {'seen': 300, 'fail': 40, 'frames_fail': [[1, 2], [2, 2], [3, 2], [4, 2], [5, 2], [6, 2], [7, 2], [8, 2], [9, 2], [10, 2], [11, 2], [12, 2], [13, 2], [14, 2], [15, 2], [16, 2], [17, 2], [18, 2], [19, 2], [20, 2]]}, '2': {'seen': 300, 'fail': 60, 'frames_fail': [[1, 3], [2, 3], [3, 3], [4, 3], [5, 3], [6, 3], [7, 3], [8, 3], [9, 3], [10, 3], [11, 3], [12, 3], [13, 3], [14, 3], [15, 3], [16, 3], [17, 3], [18, 3], [19, 3], [20, 3]]}, '3': {'seen': 300, 'fail': 20, 'frames_fail': [[1, 1], [2, 1], [3, 1], [4, 1], [5, 1], [6, 1], [7, 1], [8, 1], [9, 1], [10, 1], [11, 1], [12, 1], [13, 1], [14, 1], [15, 1], [16, 1], [17, 1], [18, 1], [19, 1], [20, 1]]}, '4': {'seen': 300, 'fail': 20, 'frames_fail': [[1, 1], [2, 1], [3, 1], [4, 1], [5, 1], [6, 1], [7, 1], [8, 1], [9, 1], [10, 1], [11, 1], [12, 1], [13, 1], [14, 1], [15, 1], [16, 1], [17, 1], [18, 1], [19, 1], [20, 1]]}, '5': {'seen': 300, 'fail': 20, 'frames_fail': [[1, 1], [2, 1], [3, 1], [4, 1], [5, 1], [6, 1], [7, 1], [8, 1], [9, 1], [10, 1], [11, 1], [12, 1], [13, 1], [14, 1], [15, 1], [16, 1], [17, 1], [18, 1], [19, 1], [20, 1]]}, '6': {'seen': 300, 'fail': 21, 'frames_fail': [[1, 1], [2, 1], [3, 1], [4, 1], [5, 1], [6, 1], [7, 1], [8, 1], [9, 2], [10, 1], [11, 1], [12, 1], [13, 1], [14, 1], [15, 1], [16, 1], [17, 1], [18, 1], [19, 1], [20, 1]]}, '7': {'seen': 300, 'fail': 20, 'frames_fail': [[1, 1], [2, 1], [3, 1], [4, 1], [5, 1], [6, 1], [7, 1], [8, 1], [9, 1], [10, 1], [11, 1], [12, 1], [13, 1], [14, 1], [15, 1], [16, 1], [17, 1], [18, 1], [19, 1], [20, 1]]}, '8': {'seen': 300, 'fail': 0, 'frames_fail': []}, '9': {'seen': 300, 'fail': 0, 'frames_fail': []}}}
  Breakfast              {'gate': True, 'calls': 5600, 'nb_seen': 5040, 'nb_fail': 1009, 'nb_dropped': 1009, 'cells': 200, 'cells_fail': 180, 'per_view': {'0': {'seen': 0, 'fail': 0, 'frames_fail': []}, '1': {'seen': 560, 'fail': 121, 'frames_fail': [[1, 5], [2, 5], [3, 5], [4, 5], [5, 5], [6, 5], [7, 6], [8, 7], [9, 6], [10, 6], [11, 6], [12, 6], [13, 6], [14, 6], [15, 7], [16, 7], [17, 7], [18, 7], [19, 7], [20, 7]]}, '2': {'seen': 560, 'fail': 122, 'frames_fail': [[1, 6], [2, 6], [3, 6], [4, 6], [5, 6], [6, 6], [7, 6], [8, 6], [9, 7], [10, 6], [11, 6], [12, 6], [13, 6], [14, 6], [15, 6], [16, 6], [17, 6], [18, 6], [19, 6], [20, 7]]}, '3': {'seen': 560, 'fail': 120, 'frames_fail': [[1, 6], [2, 6], [3, 6], [4, 6], [5, 6], [6, 6], [7, 6], [8, 6], [9, 6], [10, 6], [11, 6], [12, 6], [13, 6], [14, 6], [15, 6], [16, 6], [17, 6], [18, 6], [19, 6], [20, 6]]}, '4': {'seen': 560, 'fail': 133, 'frames_fail': [[1, 6], [2, 6], [3, 6], [4, 6], [5, 6], [6, 6], [7, 7], [8, 6], [9, 7], [10, 7], [11, 7], [12, 7], [13, 7], [14, 7], [15, 7], [16, 7], [17, 7], [18, 7], [19, 7], [20, 7]]}, '5': {'seen': 560, 'fail': 160, 'frames_fail': [[1, 8], [2, 8], [3, 8], [4, 8], [5, 8], [6, 8], [7, 8], [8, 8], [9, 8], [10, 8], [11, 8], [12, 8], [13, 8], [14, 8], [15, 8], [16, 8], [17, 8], [18, 8], [19, 8], [20, 8]]}, '6': {'seen': 560, 'fail': 87, 'frames_fail': [[1, 3], [2, 3], [3, 3], [4, 3], [5, 3], [6, 5], [7, 5], [8, 5], [9, 5], [10, 5], [11, 5], [12, 5], [13, 5], [14, 4], [15, 5], [16, 5], [17, 4], [18, 4], [19, 5], [20, 5]]}, '7': {'seen': 560, 'fail': 81, 'frames_fail': [[1, 4], [2, 4], [3, 4], [4, 4], [5, 4], [6, 5], [7, 5], [8, 5], [9, 5], [10, 5], [11, 5], [12, 4], [13, 4], [14, 4], [15, 4], [16, 3], [17, 3], [18, 3], [19, 3], [20, 3]]}, '8': {'seen': 560, 'fail': 91, 'frames_fail': [[1, 4], [2, 4], [3, 4], [4, 4], [5, 4], [6, 5], [7, 5], [8, 5], [9, 5], [10, 5], [11, 5], [12, 4], [13, 5], [14, 4], [15, 4], [16, 4], [17, 4], [18, 4], [19, 6], [20, 6]]}, '9': {'seen': 560, 'fail': 94, 'frames_fail': [[1, 3], [2, 3], [3, 3], [4, 3], [5, 4], [6, 4], [7, 5], [8, 5], [9, 5], [10, 5], [11, 5], [12, 4], [13, 4], [14, 5], [15, 6], [16, 6], [17, 6], [18, 6], [19, 6], [20, 6]]}}}
  Carpark                {'gate': True, 'calls': 3960, 'nb_seen': 3520, 'nb_fail': 0, 'nb_dropped': 0, 'cells': 180, 'cells_fail': 0, 'per_view': {'0': {'seen': 0, 'fail': 0, 'frames_fail': []}, '1': {'seen': 440, 'fail': 0, 'frames_fail': []}, '2': {'seen': 440, 'fail': 0, 'frames_fail': []}, '3': {'seen': 440, 'fail': 0, 'frames_fail': []}, '4': {'seen': 440, 'fail': 0, 'frames_fail': []}, '5': {'seen': 440, 'fail': 0, 'frames_fail': []}, '6': {'seen': 440, 'fail': 0, 'frames_fail': []}, '7': {'seen': 440, 'fail': 0, 'frames_fail': []}, '8': {'seen': 440, 'fail': 0, 'frames_fail': []}}}
  CoffeeMartini          {'gate': True, 'calls': 17400, 'nb_seen': 16240, 'nb_fail': 3962, 'nb_dropped': 3962, 'cells': 300, 'cells_fail': 260, 'per_view': {'0': {'seen': 0, 'fail': 0, 'frames_fail': []}, '1': {'seen': 1160, 'fail': 320, 'frames_fail': [[1, 16], [2, 16], [3, 16], [4, 16], [5, 16], [6, 16], [7, 16], [8, 16], [9, 16], [10, 16], [11, 16], [12, 16], [13, 16], [14, 16], [15, 16], [16, 16], [17, 16], [18, 16], [19, 16], [20, 16]]}, '2': {'seen': 1160, 'fail': 100, 'frames_fail': [[1, 5], [2, 5], [3, 5], [4, 5], [5, 5], [6, 5], [7, 5], [8, 5], [9, 5], [10, 5], [11, 5], [12, 5], [13, 5], [14, 5], [15, 5], [16, 5], [17, 5], [18, 5], [19, 5], [20, 5]]}, '3': {'seen': 1160, 'fail': 0, 'frames_fail': []}, '4': {'seen': 1160, 'fail': 180, 'frames_fail': [[1, 9], [2, 9], [3, 9], [4, 9], [5, 9], [6, 9], [7, 9], [8, 9], [9, 9], [10, 9], [11, 9], [12, 9], [13, 9], [14, 9], [15, 9], [16, 9], [17, 9], [18, 9], [19, 9], [20, 9]]}, '5': {'seen': 1160, 'fail': 260, 'frames_fail': [[1, 13], [2, 13], [3, 13], [4, 13], [5, 13], [6, 13], [7, 13], [8, 13], [9, 13], [10, 13], [11, 13], [12, 13], [13, 13], [14, 13], [15, 13], [16, 13], [17, 13], [18, 13], [19, 13], [20, 13]]}, '6': {'seen': 1160, 'fail': 340, 'frames_fail': [[1, 17], [2, 17], [3, 17], [4, 17], [5, 17], [6, 17], [7, 17], [8, 17], [9, 17], [10, 17], [11, 17], [12, 17], [13, 17], [14, 17], [15, 17], [16, 17], [17, 17], [18, 17], [19, 17], [20, 17]]}, '7': {'seen': 1160, 'fail': 386, 'frames_fail': [[1, 19], [2, 19], [3, 19], [4, 19], [5, 19], [6, 19], [7, 19], [8, 19], [9, 19], [10, 19], [11, 19], [12, 19], [13, 19], [14, 19], [15, 20], [16, 20], [17, 20], [18, 20], [19, 20], [20, 20]]}, '8': {'seen': 1160, 'fail': 416, 'frames_fail': [[1, 20], [2, 20], [3, 20], [4, 20], [5, 21], [6, 21], [7, 21], [8, 21], [9, 21], [10, 21], [11, 21], [12, 21], [13, 21], [14, 21], [15, 21], [16, 21], [17, 21], [18, 21], [19, 21], [20, 21]]}, '9': {'seen': 1160, 'fail': 500, 'frames_fail': [[1, 25], [2, 25], [3, 25], [4, 25], [5, 25], [6, 25], [7, 25], [8, 25], [9, 25], [10, 25], [11, 25], [12, 25], [13, 25], [14, 25], [15, 25], [16, 25], [17, 25], [18, 25], [19, 25], [20, 25]]}, '10': {'seen': 1160, 'fail': 540, 'frames_fail': [[1, 27], [2, 27], [3, 27], [4, 27], [5, 27], [6, 27], [7, 27], [8, 27], [9, 27], [10, 27], [11, 27], [12, 27], [13, 27], [14, 27], [15, 27], [16, 27], [17, 27], [18, 27], [19, 27], [20, 27]]}, '11': {'seen': 1160, 'fail': 220, 'frames_fail': [[1, 11], [2, 11], [3, 11], [4, 11], [5, 11], [6, 11], [7, 11], [8, 11], [9, 11], [10, 11], [11, 11], [12, 11], [13, 11], [14, 11], [15, 11], [16, 11], [17, 11], [18, 11], [19, 11], [20, 11]]}, '12': {'seen': 1160, 'fail': 300, 'frames_fail': [[1, 15], [2, 15], [3, 15], [4, 15], [5, 15], [6, 15], [7, 15], [8, 15], [9, 15], [10, 15], [11, 15], [12, 15], [13, 15], [14, 15], [15, 15], [16, 15], [17, 15], [18, 15], [19, 15], [20, 15]]}, '13': {'seen': 1160, 'fail': 160, 'frames_fail': [[1, 8], [2, 8], [3, 8], [4, 8], [5, 8], [6, 8], [7, 8], [8, 8], [9, 8], [10, 8], [11, 8], [12, 8], [13, 8], [14, 8], [15, 8], [16, 8], [17, 8], [18, 8], [19, 8], [20, 8]]}, '14': {'seen': 1160, 'fail': 240, 'frames_fail': [[1, 12], [2, 12], [3, 12], [4, 12], [5, 12], [6, 12], [7, 12], [8, 12], [9, 12], [10, 12], [11, 12], [12, 12], [13, 12], [14, 12], [15, 12], [16, 12], [17, 12], [18, 12], [19, 12], [20, 12]]}}}
  Dog                    {'gate': True, 'calls': 720, 'nb_seen': 540, 'nb_fail': 60, 'nb_dropped': 60, 'cells': 80, 'cells_fail': 40, 'per_view': {'0': {'seen': 0, 'fail': 0, 'frames_fail': []}, '1': {'seen': 180, 'fail': 20, 'frames_fail': [[1, 1], [2, 1], [3, 1], [4, 1], [5, 1], [6, 1], [7, 1], [8, 1], [9, 1], [10, 1], [11, 1], [12, 1], [13, 1], [14, 1], [15, 1], [16, 1], [17, 1], [18, 1], [19, 1], [20, 1]]}, '2': {'seen': 180, 'fail': 40, 'frames_fail': [[1, 2], [2, 2], [3, 2], [4, 2], [5, 2], [6, 2], [7, 2], [8, 2], [9, 2], [10, 2], [11, 2], [12, 2], [13, 2], [14, 2], [15, 2], [16, 2], [17, 2], [18, 2], [19, 2], [20, 2]]}, '3': {'seen': 180, 'fail': 0, 'frames_fail': []}}}
  Fencing                {'gate': True, 'calls': 1600, 'nb_seen': 1440, 'nb_fail': 0, 'nb_dropped': 0, 'cells': 200, 'cells_fail': 0, 'per_view': {'0': {'seen': 0, 'fail': 0, 'frames_fail': []}, '1': {'seen': 160, 'fail': 0, 'frames_fail': []}, '2': {'seen': 160, 'fail': 0, 'frames_fail': []}, '3': {'seen': 160, 'fail': 0, 'frames_fail': []}, '4': {'seen': 160, 'fail': 0, 'frames_fail': []}, '5': {'seen': 160, 'fail': 0, 'frames_fail': []}, '6': {'seen': 160, 'fail': 0, 'frames_fail': []}, '7': {'seen': 160, 'fail': 0, 'frames_fail': []}, '8': {'seen': 160, 'fail': 0, 'frames_fail': []}, '9': {'seen': 160, 'fail': 0, 'frames_fail': []}}}
  FlameSteak             {'gate': True, 'calls': 18020, 'nb_seen': 16960, 'nb_fail': 4340, 'nb_dropped': 4340, 'cells': 340, 'cells_fail': 260, 'per_view': {'0': {'seen': 0, 'fail': 0, 'frames_fail': []}, '1': {'seen': 1060, 'fail': 200, 'frames_fail': [[1, 10], [2, 10], [3, 10], [4, 10], [5, 10], [6, 10], [7, 10], [8, 10], [9, 10], [10, 10], [11, 10], [12, 10], [13, 10], [14, 10], [15, 10], [16, 10], [17, 10], [18, 10], [19, 10], [20, 10]]}, '2': {'seen': 1060, 'fail': 700, 'frames_fail': [[1, 35], [2, 35], [3, 35], [4, 35], [5, 35], [6, 35], [7, 35], [8, 35], [9, 35], [10, 35], [11, 35], [12, 35], [13, 35], [14, 35], [15, 35], [16, 35], [17, 35], [18, 35], [19, 35], [20, 35]]}, '3': {'seen': 1060, 'fail': 660, 'frames_fail': [[1, 33], [2, 33], [3, 33], [4, 33], [5, 33], [6, 33], [7, 33], [8, 33], [9, 33], [10, 33], [11, 33], [12, 33], [13, 33], [14, 33], [15, 33], [16, 33], [17, 33], [18, 33], [19, 33], [20, 33]]}, '4': {'seen': 1060, 'fail': 520, 'frames_fail': [[1, 26], [2, 26], [3, 26], [4, 26], [5, 26], [6, 26], [7, 26], [8, 26], [9, 26], [10, 26], [11, 26], [12, 26], [13, 26], [14, 26], [15, 26], [16, 26], [17, 26], [18, 26], [19, 26], [20, 26]]}, '5': {'seen': 1060, 'fail': 400, 'frames_fail': [[1, 20], [2, 20], [3, 20], [4, 20], [5, 20], [6, 20], [7, 20], [8, 20], [9, 20], [10, 20], [11, 20], [12, 20], [13, 20], [14, 20], [15, 20], [16, 20], [17, 20], [18, 20], [19, 20], [20, 20]]}, '6': {'seen': 1060, 'fail': 280, 'frames_fail': [[1, 14], [2, 14], [3, 14], [4, 14], [5, 14], [6, 14], [7, 14], [8, 14], [9, 14], [10, 14], [11, 14], [12, 14], [13, 14], [14, 14], [15, 14], [16, 14], [17, 14], [18, 14], [19, 14], [20, 14]]}, '7': {'seen': 1060, 'fail': 120, 'frames_fail': [[1, 6], [2, 6], [3, 6], [4, 6], [5, 6], [6, 6], [7, 6], [8, 6], [9, 6], [10, 6], [11, 6], [12, 6], [13, 6], [14, 6], [15, 6], [16, 6], [17, 6], [18, 6], [19, 6], [20, 6]]}, '8': {'seen': 1060, 'fail': 40, 'frames_fail': [[1, 2], [2, 2], [3, 2], [4, 2], [5, 2], [6, 2], [7, 2], [8, 2], [9, 2], [10, 2], [11, 2], [12, 2], [13, 2], [14, 2], [15, 2], [16, 2], [17, 2], [18, 2], [19, 2], [20, 2]]}, '9': {'seen': 1060, 'fail': 0, 'frames_fail': []}, '10': {'seen': 1060, 'fail': 0, 'frames_fail': []}, '11': {'seen': 1060, 'fail': 0, 'frames_fail': []}, '12': {'seen': 1060, 'fail': 260, 'frames_fail': [[1, 13], [2, 13], [3, 13], [4, 13], [5, 13], [6, 13], [7, 13], [8, 13], [9, 13], [10, 13], [11, 13], [12, 13], [13, 13], [14, 13], [15, 13], [16, 13], [17, 13], [18, 13], [19, 13], [20, 13]]}, '13': {'seen': 1060, 'fail': 200, 'frames_fail': [[1, 10], [2, 10], [3, 10], [4, 10], [5, 10], [6, 10], [7, 10], [8, 10], [9, 10], [10, 10], [11, 10], [12, 10], [13, 10], [14, 10], [15, 10], [16, 10], [17, 10], [18, 10], [19, 10], [20, 10]]}, '14': {'seen': 1060, 'fail': 420, 'frames_fail': [[1, 21], [2, 21], [3, 21], [4, 21], [5, 21], [6, 21], [7, 21], [8, 21], [9, 21], [10, 21], [11, 21], [12, 21], [13, 21], [14, 21], [15, 21], [16, 21], [17, 21], [18, 21], [19, 21], [20, 21]]}, '15': {'seen': 1060, 'fail': 320, 'frames_fail': [[1, 16], [2, 16], [3, 16], [4, 16], [5, 16], [6, 16], [7, 16], [8, 16], [9, 16], [10, 16], [11, 16], [12, 16], [13, 16], [14, 16], [15, 16], [16, 16], [17, 16], [18, 16], [19, 16], [20, 16]]}, '16': {'seen': 1060, 'fail': 220, 'frames_fail': [[1, 11], [2, 11], [3, 11], [4, 11], [5, 11], [6, 11], [7, 11], [8, 11], [9, 11], [10, 11], [11, 11], [12, 11], [13, 11], [14, 11], [15, 11], [16, 11], [17, 11], [18, 11], [19, 11], [20, 11]]}}}
  Frog                   {'gate': True, 'calls': 1000, 'nb_seen': 900, 'nb_fail': 0, 'nb_dropped': 0, 'cells': 200, 'cells_fail': 0, 'per_view': {'0': {'seen': 0, 'fail': 0, 'frames_fail': []}, '1': {'seen': 100, 'fail': 0, 'frames_fail': []}, '2': {'seen': 100, 'fail': 0, 'frames_fail': []}, '3': {'seen': 100, 'fail': 0, 'frames_fail': []}, '4': {'seen': 100, 'fail': 0, 'frames_fail': []}, '5': {'seen': 100, 'fail': 0, 'frames_fail': []}, '6': {'seen': 100, 'fail': 0, 'frames_fail': []}, '7': {'seen': 100, 'fail': 0, 'frames_fail': []}, '8': {'seen': 100, 'fail': 0, 'frames_fail': []}, '9': {'seen': 100, 'fail': 0, 'frames_fail': []}}}
  MATF                   {'gate': True, 'calls': 6200, 'nb_seen': 5580, 'nb_fail': 1970, 'nb_dropped': 1970, 'cells': 200, 'cells_fail': 140, 'per_view': {'0': {'seen': 0, 'fail': 0, 'frames_fail': []}, '1': {'seen': 620, 'fail': 0, 'frames_fail': []}, '2': {'seen': 620, 'fail': 0, 'frames_fail': []}, '3': {'seen': 620, 'fail': 160, 'frames_fail': [[31, 8], [32, 8], [33, 8], [34, 8], [35, 8], [36, 8], [37, 8], [38, 8], [39, 8], [40, 8], [41, 8], [42, 8], [43, 8], [44, 8], [45, 8], [46, 8], [47, 8], [48, 8], [49, 8], [50, 8]]}, '4': {'seen': 620, 'fail': 100, 'frames_fail': [[31, 5], [32, 5], [33, 5], [34, 5], [35, 5], [36, 5], [37, 5], [38, 5], [39, 5], [40, 5], [41, 5], [42, 5], [43, 5], [44, 5], [45, 5], [46, 5], [47, 5], [48, 5], [49, 5], [50, 5]]}, '5': {'seen': 620, 'fail': 168, 'frames_fail': [[31, 8], [32, 8], [33, 8], [34, 8], [35, 8], [36, 8], [37, 8], [38, 8], [39, 9], [40, 9], [41, 9], [42, 9], [43, 9], [44, 9], [45, 9], [46, 9], [47, 8], [48, 8], [49, 8], [50, 8]]}, '6': {'seen': 620, 'fail': 182, 'frames_fail': [[31, 9], [32, 9], [33, 9], [34, 9], [35, 9], [36, 9], [37, 9], [38, 9], [39, 10], [40, 9], [41, 10], [42, 10], [43, 10], [44, 10], [45, 9], [46, 9], [47, 9], [48, 8], [49, 8], [50, 8]]}, '7': {'seen': 620, 'fail': 400, 'frames_fail': [[31, 20], [32, 20], [33, 20], [34, 20], [35, 20], [36, 20], [37, 20], [38, 20], [39, 20], [40, 20], [41, 20], [42, 20], [43, 20], [44, 20], [45, 20], [46, 20], [47, 20], [48, 20], [49, 20], [50, 20]]}, '8': {'seen': 620, 'fail': 460, 'frames_fail': [[31, 23], [32, 23], [33, 23], [34, 23], [35, 23], [36, 23], [37, 23], [38, 23], [39, 23], [40, 23], [41, 23], [42, 23], [43, 23], [44, 23], [45, 23], [46, 23], [47, 23], [48, 23], [49, 23], [50, 23]]}, '9': {'seen': 620, 'fail': 500, 'frames_fail': [[31, 25], [32, 25], [33, 25], [34, 25], [35, 25], [36, 25], [37, 25], [38, 25], [39, 25], [40, 25], [41, 25], [42, 25], [43, 25], [44, 25], [45, 25], [46, 25], [47, 25], [48, 25], [49, 25], [50, 25]]}}}
  Painter                {'gate': True, 'calls': 8000, 'nb_seen': 7500, 'nb_fail': 318, 'nb_dropped': 318, 'cells': 320, 'cells_fail': 227, 'per_view': {'0': {'seen': 0, 'fail': 0, 'frames_fail': []}, '1': {'seen': 500, 'fail': 53, 'frames_fail': [[41, 1], [42, 1], [43, 2], [44, 2], [45, 2], [46, 2], [47, 2], [48, 3], [49, 3], [50, 3], [51, 3], [52, 3], [53, 3], [54, 3], [55, 3], [56, 3], [57, 3], [58, 3], [59, 4], [60, 4]]}, '2': {'seen': 500, 'fail': 35, 'frames_fail': [[42, 1], [43, 1], [44, 1], [45, 1], [46, 1], [47, 2], [48, 2], [49, 2], [50, 2], [51, 2], [52, 2], [53, 2], [54, 2], [55, 2], [56, 2], [57, 2], [58, 3], [59, 3], [60, 2]]}, '3': {'seen': 500, 'fail': 39, 'frames_fail': [[41, 1], [42, 1], [43, 1], [44, 1], [45, 1], [46, 2], [47, 2], [48, 2], [49, 2], [50, 2], [51, 2], [52, 2], [53, 2], [54, 2], [55, 2], [56, 2], [57, 3], [58, 3], [59, 4], [60, 2]]}, '4': {'seen': 500, 'fail': 41, 'frames_fail': [[41, 1], [42, 1], [43, 1], [44, 1], [45, 2], [46, 2], [47, 2], [48, 2], [49, 2], [50, 2], [51, 2], [52, 2], [53, 2], [54, 2], [55, 2], [56, 3], [57, 3], [58, 4], [59, 3], [60, 2]]}, '5': {'seen': 500, 'fail': 13, 'frames_fail': [[48, 1], [49, 1], [50, 1], [51, 1], [52, 1], [53, 1], [54, 1], [55, 1], [56, 1], [57, 1], [58, 1], [59, 1], [60, 1]]}, '6': {'seen': 500, 'fail': 14, 'frames_fail': [[47, 1], [48, 1], [49, 1], [50, 1], [51, 1], [52, 1], [53, 1], [54, 1], [55, 1], [56, 1], [57, 1], [58, 1], [59, 1], [60, 1]]}, '7': {'seen': 500, 'fail': 14, 'frames_fail': [[47, 1], [48, 1], [49, 1], [50, 1], [51, 1], [52, 1], [53, 1], [54, 1], [55, 1], [56, 1], [57, 1], [58, 1], [59, 1], [60, 1]]}, '8': {'seen': 500, 'fail': 16, 'frames_fail': [[46, 1], [47, 1], [48, 1], [49, 1], [50, 1], [51, 1], [52, 1], [53, 1], [54, 1], [55, 1], [56, 1], [57, 1], [58, 1], [59, 1], [60, 2]]}, '9': {'seen': 500, 'fail': 12, 'frames_fail': [[49, 1], [50, 1], [51, 1], [52, 1], [53, 1], [54, 1], [55, 1], [56, 1], [57, 1], [58, 1], [59, 1], [60, 1]]}, '10': {'seen': 500, 'fail': 13, 'frames_fail': [[48, 1], [49, 1], [50, 1], [51, 1], [52, 1], [53, 1], [54, 1], [55, 1], [56, 1], [57, 1], [58, 1], [59, 1], [60, 1]]}, '11': {'seen': 500, 'fail': 14, 'frames_fail': [[47, 1], [48, 1], [49, 1], [50, 1], [51, 1], [52, 1], [53, 1], [54, 1], [55, 1], [56, 1], [57, 1], [58, 1], [59, 1], [60, 1]]}, '12': {'seen': 500, 'fail': 16, 'frames_fail': [[46, 1], [47, 1], [48, 1], [49, 1], [50, 1], [51, 1], [52, 1], [53, 1], [54, 1], [55, 1], [56, 1], [57, 1], [58, 1], [59, 1], [60, 2]]}, '13': {'seen': 500, 'fail': 11, 'frames_fail': [[49, 1], [50, 1], [51, 1], [52, 1], [54, 1], [55, 1], [56, 1], [57, 1], [58, 1], [59, 1], [60, 1]]}, '14': {'seen': 500, 'fail': 13, 'frames_fail': [[48, 1], [49, 1], [50, 1], [51, 1], [52, 1], [53, 1], [54, 1], [55, 1], [56, 1], [57, 1], [58, 1], [59, 1], [60, 1]]}, '15': {'seen': 500, 'fail': 14, 'frames_fail': [[47, 1], [48, 1], [49, 1], [50, 1], [51, 1], [52, 1], [53, 1], [54, 1], [55, 1], [56, 1], [57, 1], [58, 1], [59, 1], [60, 1]]}}}
  PoznanStreet           {'gate': True, 'calls': 4140, 'nb_seen': 3680, 'nb_fail': 112, 'nb_dropped': 112, 'cells': 180, 'cells_fail': 112, 'per_view': {'0': {'seen': 0, 'fail': 0, 'frames_fail': []}, '1': {'seen': 460, 'fail': 14, 'frames_fail': [[95, 1], [96, 1], [97, 1], [98, 1], [99, 1], [100, 1], [101, 1], [102, 1], [103, 1], [104, 1], [105, 1], [106, 1], [107, 1], [108, 1]]}, '2': {'seen': 460, 'fail': 14, 'frames_fail': [[95, 1], [96, 1], [97, 1], [98, 1], [99, 1], [100, 1], [101, 1], [102, 1], [103, 1], [104, 1], [105, 1], [106, 1], [107, 1], [108, 1]]}, '3': {'seen': 460, 'fail': 15, 'frames_fail': [[95, 1], [96, 1], [97, 1], [98, 1], [99, 1], [100, 1], [101, 1], [102, 1], [103, 1], [104, 1], [105, 1], [106, 1], [107, 1], [108, 1], [109, 1]]}, '4': {'seen': 460, 'fail': 14, 'frames_fail': [[96, 1], [97, 1], [98, 1], [99, 1], [100, 1], [101, 1], [102, 1], [103, 1], [104, 1], [105, 1], [106, 1], [107, 1], [108, 1], [109, 1]]}, '5': {'seen': 460, 'fail': 14, 'frames_fail': [[96, 1], [97, 1], [98, 1], [99, 1], [100, 1], [101, 1], [102, 1], [103, 1], [104, 1], [105, 1], [106, 1], [107, 1], [108, 1], [109, 1]]}, '6': {'seen': 460, 'fail': 13, 'frames_fail': [[97, 1], [98, 1], [99, 1], [100, 1], [101, 1], [102, 1], [103, 1], [104, 1], [105, 1], [106, 1], [107, 1], [108, 1], [109, 1]]}, '7': {'seen': 460, 'fail': 14, 'frames_fail': [[97, 1], [98, 1], [99, 1], [100, 1], [101, 1], [102, 1], [103, 1], [104, 1], [105, 1], [106, 1], [107, 1], [108, 1], [109, 1], [110, 1]]}, '8': {'seen': 460, 'fail': 14, 'frames_fail': [[97, 1], [98, 1], [99, 1], [100, 1], [101, 1], [102, 1], [103, 1], [104, 1], [105, 1], [106, 1], [107, 1], [108, 1], [109, 1], [110, 1]]}}}
  Welder                 {'gate': True, 'calls': 1280, 'nb_seen': 960, 'nb_fail': 26, 'nb_dropped': 26, 'cells': 80, 'cells_fail': 26, 'per_view': {'0': {'seen': 0, 'fail': 0, 'frames_fail': []}, '1': {'seen': 320, 'fail': 6, 'frames_fail': [[15, 1], [16, 1], [17, 1], [18, 1], [19, 1], [20, 1]]}, '2': {'seen': 320, 'fail': 20, 'frames_fail': [[1, 1], [2, 1], [3, 1], [4, 1], [5, 1], [6, 1], [7, 1], [8, 1], [9, 1], [10, 1], [11, 1], [12, 1], [13, 1], [14, 1], [15, 1], [16, 1], [17, 1], [18, 1], [19, 1], [20, 1]]}, '3': {'seen': 320, 'fail': 0, 'frames_fail': []}}}
== SegMaskSam3XW1P ==
  AlexaMeadeExhibit      {'gate': False, 'calls': 2640, 'nb_seen': 1980, 'nb_fail': 20, 'nb_dropped': 0, 'cells': 80, 'cells_fail': 20, 'per_view': {'0': {'seen': 0, 'fail': 0, 'frames_fail': []}, '1': {'seen': 660, 'fail': 0, 'frames_fail': []}, '2': {'seen': 660, 'fail': 0, 'frames_fail': []}, '3': {'seen': 660, 'fail': 20, 'frames_fail': [[1, 1], [2, 1], [3, 1], [4, 1], [5, 1], [6, 1], [7, 1], [8, 1], [9, 1], [10, 1], [11, 1], [12, 1], [13, 1], [14, 1], [15, 1], [16, 1], [17, 1], [18, 1], [19, 1], [20, 1]]}}}
  AlexaMeadeFacePaint    {'gate': False, 'calls': 1980, 'nb_seen': 1760, 'nb_fail': 420, 'nb_dropped': 0, 'cells': 180, 'cells_fail': 140, 'per_view': {'0': {'seen': 0, 'fail': 0, 'frames_fail': []}, '1': {'seen': 220, 'fail': 40, 'frames_fail': [[1, 2], [2, 2], [3, 2], [4, 2], [5, 2], [6, 2], [7, 2], [8, 2], [9, 2], [10, 2], [11, 2], [12, 2], [13, 2], [14, 2], [15, 2], [16, 2], [17, 2], [18, 2], [19, 2], [20, 2]]}, '2': {'seen': 220, 'fail': 20, 'frames_fail': [[1, 1], [2, 1], [3, 1], [4, 1], [5, 1], [6, 1], [7, 1], [8, 1], [9, 1], [10, 1], [11, 1], [12, 1], [13, 1], [14, 1], [15, 1], [16, 1], [17, 1], [18, 1], [19, 1], [20, 1]]}, '3': {'seen': 220, 'fail': 60, 'frames_fail': [[1, 3], [2, 3], [3, 3], [4, 3], [5, 3], [6, 3], [7, 3], [8, 3], [9, 3], [10, 3], [11, 3], [12, 3], [13, 3], [14, 3], [15, 3], [16, 3], [17, 3], [18, 3], [19, 3], [20, 3]]}, '4': {'seen': 220, 'fail': 140, 'frames_fail': [[1, 7], [2, 7], [3, 7], [4, 7], [5, 7], [6, 7], [7, 7], [8, 7], [9, 7], [10, 7], [11, 7], [12, 7], [13, 7], [14, 7], [15, 7], [16, 7], [17, 7], [18, 7], [19, 7], [20, 7]]}, '5': {'seen': 220, 'fail': 120, 'frames_fail': [[1, 6], [2, 6], [3, 6], [4, 6], [5, 6], [6, 6], [7, 6], [8, 6], [9, 6], [10, 6], [11, 6], [12, 6], [13, 6], [14, 6], [15, 6], [16, 6], [17, 6], [18, 6], [19, 6], [20, 6]]}, '6': {'seen': 220, 'fail': 20, 'frames_fail': [[1, 1], [2, 1], [3, 1], [4, 1], [5, 1], [6, 1], [7, 1], [8, 1], [9, 1], [10, 1], [11, 1], [12, 1], [13, 1], [14, 1], [15, 1], [16, 1], [17, 1], [18, 1], [19, 1], [20, 1]]}, '7': {'seen': 220, 'fail': 20, 'frames_fail': [[1, 1], [2, 1], [3, 1], [4, 1], [5, 1], [6, 1], [7, 1], [8, 1], [9, 1], [10, 1], [11, 1], [12, 1], [13, 1], [14, 1], [15, 1], [16, 1], [17, 1], [18, 1], [19, 1], [20, 1]]}, '8': {'seen': 220, 'fail': 0, 'frames_fail': []}}}
  Barn                   {'gate': False, 'calls': 6600, 'nb_seen': 6000, 'nb_fail': 0, 'nb_dropped': 0, 'cells': 220, 'cells_fail': 0, 'per_view': {'0': {'seen': 0, 'fail': 0, 'frames_fail': []}, '1': {'seen': 600, 'fail': 0, 'frames_fail': []}, '2': {'seen': 600, 'fail': 0, 'frames_fail': []}, '3': {'seen': 600, 'fail': 0, 'frames_fail': []}, '4': {'seen': 600, 'fail': 0, 'frames_fail': []}, '5': {'seen': 600, 'fail': 0, 'frames_fail': []}, '6': {'seen': 600, 'fail': 0, 'frames_fail': []}, '7': {'seen': 600, 'fail': 0, 'frames_fail': []}, '8': {'seen': 600, 'fail': 0, 'frames_fail': []}, '9': {'seen': 600, 'fail': 0, 'frames_fail': []}, '10': {'seen': 600, 'fail': 0, 'frames_fail': []}}}
  Blocks                 {'gate': False, 'calls': 3000, 'nb_seen': 2700, 'nb_fail': 200, 'nb_dropped': 0, 'cells': 200, 'cells_fail': 140, 'per_view': {'0': {'seen': 0, 'fail': 0, 'frames_fail': []}, '1': {'seen': 300, 'fail': 40, 'frames_fail': [[1, 2], [2, 2], [3, 2], [4, 2], [5, 2], [6, 2], [7, 2], [8, 2], [9, 2], [10, 2], [11, 2], [12, 2], [13, 2], [14, 2], [15, 2], [16, 2], [17, 2], [18, 2], [19, 2], [20, 2]]}, '2': {'seen': 300, 'fail': 60, 'frames_fail': [[1, 3], [2, 3], [3, 3], [4, 3], [5, 3], [6, 3], [7, 3], [8, 3], [9, 3], [10, 3], [11, 3], [12, 3], [13, 3], [14, 3], [15, 3], [16, 3], [17, 3], [18, 3], [19, 3], [20, 3]]}, '3': {'seen': 300, 'fail': 20, 'frames_fail': [[1, 1], [2, 1], [3, 1], [4, 1], [5, 1], [6, 1], [7, 1], [8, 1], [9, 1], [10, 1], [11, 1], [12, 1], [13, 1], [14, 1], [15, 1], [16, 1], [17, 1], [18, 1], [19, 1], [20, 1]]}, '4': {'seen': 300, 'fail': 20, 'frames_fail': [[1, 1], [2, 1], [3, 1], [4, 1], [5, 1], [6, 1], [7, 1], [8, 1], [9, 1], [10, 1], [11, 1], [12, 1], [13, 1], [14, 1], [15, 1], [16, 1], [17, 1], [18, 1], [19, 1], [20, 1]]}, '5': {'seen': 300, 'fail': 20, 'frames_fail': [[1, 1], [2, 1], [3, 1], [4, 1], [5, 1], [6, 1], [7, 1], [8, 1], [9, 1], [10, 1], [11, 1], [12, 1], [13, 1], [14, 1], [15, 1], [16, 1], [17, 1], [18, 1], [19, 1], [20, 1]]}, '6': {'seen': 300, 'fail': 20, 'frames_fail': [[1, 1], [2, 1], [3, 1], [4, 1], [5, 1], [6, 1], [7, 1], [8, 1], [9, 1], [10, 1], [11, 1], [12, 1], [13, 1], [14, 1], [15, 1], [16, 1], [17, 1], [18, 1], [19, 1], [20, 1]]}, '7': {'seen': 300, 'fail': 20, 'frames_fail': [[1, 1], [2, 1], [3, 1], [4, 1], [5, 1], [6, 1], [7, 1], [8, 1], [9, 1], [10, 1], [11, 1], [12, 1], [13, 1], [14, 1], [15, 1], [16, 1], [17, 1], [18, 1], [19, 1], [20, 1]]}, '8': {'seen': 300, 'fail': 0, 'frames_fail': []}, '9': {'seen': 300, 'fail': 0, 'frames_fail': []}}}
  Breakfast              {'gate': False, 'calls': 5600, 'nb_seen': 5040, 'nb_fail': 1013, 'nb_dropped': 0, 'cells': 200, 'cells_fail': 180, 'per_view': {'0': {'seen': 0, 'fail': 0, 'frames_fail': []}, '1': {'seen': 560, 'fail': 121, 'frames_fail': [[1, 5], [2, 5], [3, 5], [4, 5], [5, 5], [6, 5], [7, 6], [8, 7], [9, 6], [10, 6], [11, 6], [12, 6], [13, 6], [14, 6], [15, 7], [16, 7], [17, 7], [18, 7], [19, 7], [20, 7]]}, '2': {'seen': 560, 'fail': 123, 'frames_fail': [[1, 6], [2, 6], [3, 6], [4, 6], [5, 6], [6, 6], [7, 6], [8, 6], [9, 7], [10, 6], [11, 6], [12, 6], [13, 6], [14, 6], [15, 6], [16, 6], [17, 6], [18, 6], [19, 7], [20, 7]]}, '3': {'seen': 560, 'fail': 120, 'frames_fail': [[1, 6], [2, 6], [3, 6], [4, 6], [5, 6], [6, 6], [7, 6], [8, 6], [9, 6], [10, 6], [11, 6], [12, 6], [13, 6], [14, 6], [15, 6], [16, 6], [17, 6], [18, 6], [19, 6], [20, 6]]}, '4': {'seen': 560, 'fail': 132, 'frames_fail': [[1, 6], [2, 6], [3, 6], [4, 6], [5, 6], [6, 6], [7, 6], [8, 6], [9, 7], [10, 7], [11, 7], [12, 7], [13, 7], [14, 7], [15, 7], [16, 7], [17, 7], [18, 7], [19, 7], [20, 7]]}, '5': {'seen': 560, 'fail': 160, 'frames_fail': [[1, 8], [2, 8], [3, 8], [4, 8], [5, 8], [6, 8], [7, 8], [8, 8], [9, 8], [10, 8], [11, 8], [12, 8], [13, 8], [14, 8], [15, 8], [16, 8], [17, 8], [18, 8], [19, 8], [20, 8]]}, '6': {'seen': 560, 'fail': 87, 'frames_fail': [[1, 3], [2, 3], [3, 3], [4, 3], [5, 3], [6, 5], [7, 5], [8, 5], [9, 5], [10, 5], [11, 5], [12, 5], [13, 5], [14, 4], [15, 5], [16, 5], [17, 4], [18, 4], [19, 5], [20, 5]]}, '7': {'seen': 560, 'fail': 86, 'frames_fail': [[1, 4], [2, 4], [3, 4], [4, 4], [5, 4], [6, 5], [7, 5], [8, 5], [9, 5], [10, 5], [11, 5], [12, 4], [13, 4], [14, 4], [15, 4], [16, 4], [17, 4], [18, 4], [19, 4], [20, 4]]}, '8': {'seen': 560, 'fail': 91, 'frames_fail': [[1, 4], [2, 4], [3, 4], [4, 4], [5, 4], [6, 5], [7, 5], [8, 5], [9, 5], [10, 5], [11, 5], [12, 4], [13, 5], [14, 4], [15, 4], [16, 4], [17, 4], [18, 5], [19, 5], [20, 6]]}, '9': {'seen': 560, 'fail': 93, 'frames_fail': [[1, 3], [2, 3], [3, 3], [4, 3], [5, 4], [6, 4], [7, 5], [8, 4], [9, 5], [10, 5], [11, 5], [12, 4], [13, 4], [14, 5], [15, 6], [16, 6], [17, 6], [18, 6], [19, 6], [20, 6]]}}}
  Carpark                {'gate': False, 'calls': 3960, 'nb_seen': 3520, 'nb_fail': 0, 'nb_dropped': 0, 'cells': 180, 'cells_fail': 0, 'per_view': {'0': {'seen': 0, 'fail': 0, 'frames_fail': []}, '1': {'seen': 440, 'fail': 0, 'frames_fail': []}, '2': {'seen': 440, 'fail': 0, 'frames_fail': []}, '3': {'seen': 440, 'fail': 0, 'frames_fail': []}, '4': {'seen': 440, 'fail': 0, 'frames_fail': []}, '5': {'seen': 440, 'fail': 0, 'frames_fail': []}, '6': {'seen': 440, 'fail': 0, 'frames_fail': []}, '7': {'seen': 440, 'fail': 0, 'frames_fail': []}, '8': {'seen': 440, 'fail': 0, 'frames_fail': []}}}
  CoffeeMartini          {'gate': False, 'calls': 17400, 'nb_seen': 16240, 'nb_fail': 3963, 'nb_dropped': 0, 'cells': 300, 'cells_fail': 260, 'per_view': {'0': {'seen': 0, 'fail': 0, 'frames_fail': []}, '1': {'seen': 1160, 'fail': 320, 'frames_fail': [[1, 16], [2, 16], [3, 16], [4, 16], [5, 16], [6, 16], [7, 16], [8, 16], [9, 16], [10, 16], [11, 16], [12, 16], [13, 16], [14, 16], [15, 16], [16, 16], [17, 16], [18, 16], [19, 16], [20, 16]]}, '2': {'seen': 1160, 'fail': 100, 'frames_fail': [[1, 5], [2, 5], [3, 5], [4, 5], [5, 5], [6, 5], [7, 5], [8, 5], [9, 5], [10, 5], [11, 5], [12, 5], [13, 5], [14, 5], [15, 5], [16, 5], [17, 5], [18, 5], [19, 5], [20, 5]]}, '3': {'seen': 1160, 'fail': 0, 'frames_fail': []}, '4': {'seen': 1160, 'fail': 180, 'frames_fail': [[1, 9], [2, 9], [3, 9], [4, 9], [5, 9], [6, 9], [7, 9], [8, 9], [9, 9], [10, 9], [11, 9], [12, 9], [13, 9], [14, 9], [15, 9], [16, 9], [17, 9], [18, 9], [19, 9], [20, 9]]}, '5': {'seen': 1160, 'fail': 260, 'frames_fail': [[1, 13], [2, 13], [3, 13], [4, 13], [5, 13], [6, 13], [7, 13], [8, 13], [9, 13], [10, 13], [11, 13], [12, 13], [13, 13], [14, 13], [15, 13], [16, 13], [17, 13], [18, 13], [19, 13], [20, 13]]}, '6': {'seen': 1160, 'fail': 340, 'frames_fail': [[1, 17], [2, 17], [3, 17], [4, 17], [5, 17], [6, 17], [7, 17], [8, 17], [9, 17], [10, 17], [11, 17], [12, 17], [13, 17], [14, 17], [15, 17], [16, 17], [17, 17], [18, 17], [19, 17], [20, 17]]}, '7': {'seen': 1160, 'fail': 386, 'frames_fail': [[1, 19], [2, 19], [3, 19], [4, 19], [5, 19], [6, 19], [7, 19], [8, 19], [9, 19], [10, 19], [11, 19], [12, 19], [13, 19], [14, 19], [15, 20], [16, 20], [17, 20], [18, 20], [19, 20], [20, 20]]}, '8': {'seen': 1160, 'fail': 417, 'frames_fail': [[1, 20], [2, 20], [3, 20], [4, 21], [5, 21], [6, 21], [7, 21], [8, 21], [9, 21], [10, 21], [11, 21], [12, 21], [13, 21], [14, 21], [15, 21], [16, 21], [17, 21], [18, 21], [19, 21], [20, 21]]}, '9': {'seen': 1160, 'fail': 500, 'frames_fail': [[1, 25], [2, 25], [3, 25], [4, 25], [5, 25], [6, 25], [7, 25], [8, 25], [9, 25], [10, 25], [11, 25], [12, 25], [13, 25], [14, 25], [15, 25], [16, 25], [17, 25], [18, 25], [19, 25], [20, 25]]}, '10': {'seen': 1160, 'fail': 540, 'frames_fail': [[1, 27], [2, 27], [3, 27], [4, 27], [5, 27], [6, 27], [7, 27], [8, 27], [9, 27], [10, 27], [11, 27], [12, 27], [13, 27], [14, 27], [15, 27], [16, 27], [17, 27], [18, 27], [19, 27], [20, 27]]}, '11': {'seen': 1160, 'fail': 220, 'frames_fail': [[1, 11], [2, 11], [3, 11], [4, 11], [5, 11], [6, 11], [7, 11], [8, 11], [9, 11], [10, 11], [11, 11], [12, 11], [13, 11], [14, 11], [15, 11], [16, 11], [17, 11], [18, 11], [19, 11], [20, 11]]}, '12': {'seen': 1160, 'fail': 300, 'frames_fail': [[1, 15], [2, 15], [3, 15], [4, 15], [5, 15], [6, 15], [7, 15], [8, 15], [9, 15], [10, 15], [11, 15], [12, 15], [13, 15], [14, 15], [15, 15], [16, 15], [17, 15], [18, 15], [19, 15], [20, 15]]}, '13': {'seen': 1160, 'fail': 160, 'frames_fail': [[1, 8], [2, 8], [3, 8], [4, 8], [5, 8], [6, 8], [7, 8], [8, 8], [9, 8], [10, 8], [11, 8], [12, 8], [13, 8], [14, 8], [15, 8], [16, 8], [17, 8], [18, 8], [19, 8], [20, 8]]}, '14': {'seen': 1160, 'fail': 240, 'frames_fail': [[1, 12], [2, 12], [3, 12], [4, 12], [5, 12], [6, 12], [7, 12], [8, 12], [9, 12], [10, 12], [11, 12], [12, 12], [13, 12], [14, 12], [15, 12], [16, 12], [17, 12], [18, 12], [19, 12], [20, 12]]}}}
  Dog                    {'gate': False, 'calls': 720, 'nb_seen': 540, 'nb_fail': 60, 'nb_dropped': 0, 'cells': 80, 'cells_fail': 40, 'per_view': {'0': {'seen': 0, 'fail': 0, 'frames_fail': []}, '1': {'seen': 180, 'fail': 20, 'frames_fail': [[1, 1], [2, 1], [3, 1], [4, 1], [5, 1], [6, 1], [7, 1], [8, 1], [9, 1], [10, 1], [11, 1], [12, 1], [13, 1], [14, 1], [15, 1], [16, 1], [17, 1], [18, 1], [19, 1], [20, 1]]}, '2': {'seen': 180, 'fail': 40, 'frames_fail': [[1, 2], [2, 2], [3, 2], [4, 2], [5, 2], [6, 2], [7, 2], [8, 2], [9, 2], [10, 2], [11, 2], [12, 2], [13, 2], [14, 2], [15, 2], [16, 2], [17, 2], [18, 2], [19, 2], [20, 2]]}, '3': {'seen': 180, 'fail': 0, 'frames_fail': []}}}
  Fencing                {'gate': False, 'calls': 1600, 'nb_seen': 1440, 'nb_fail': 0, 'nb_dropped': 0, 'cells': 200, 'cells_fail': 0, 'per_view': {'0': {'seen': 0, 'fail': 0, 'frames_fail': []}, '1': {'seen': 160, 'fail': 0, 'frames_fail': []}, '2': {'seen': 160, 'fail': 0, 'frames_fail': []}, '3': {'seen': 160, 'fail': 0, 'frames_fail': []}, '4': {'seen': 160, 'fail': 0, 'frames_fail': []}, '5': {'seen': 160, 'fail': 0, 'frames_fail': []}, '6': {'seen': 160, 'fail': 0, 'frames_fail': []}, '7': {'seen': 160, 'fail': 0, 'frames_fail': []}, '8': {'seen': 160, 'fail': 0, 'frames_fail': []}, '9': {'seen': 160, 'fail': 0, 'frames_fail': []}}}
  FlameSteak             {'gate': False, 'calls': 18020, 'nb_seen': 16960, 'nb_fail': 4340, 'nb_dropped': 0, 'cells': 340, 'cells_fail': 260, 'per_view': {'0': {'seen': 0, 'fail': 0, 'frames_fail': []}, '1': {'seen': 1060, 'fail': 200, 'frames_fail': [[1, 10], [2, 10], [3, 10], [4, 10], [5, 10], [6, 10], [7, 10], [8, 10], [9, 10], [10, 10], [11, 10], [12, 10], [13, 10], [14, 10], [15, 10], [16, 10], [17, 10], [18, 10], [19, 10], [20, 10]]}, '2': {'seen': 1060, 'fail': 700, 'frames_fail': [[1, 35], [2, 35], [3, 35], [4, 35], [5, 35], [6, 35], [7, 35], [8, 35], [9, 35], [10, 35], [11, 35], [12, 35], [13, 35], [14, 35], [15, 35], [16, 35], [17, 35], [18, 35], [19, 35], [20, 35]]}, '3': {'seen': 1060, 'fail': 660, 'frames_fail': [[1, 33], [2, 33], [3, 33], [4, 33], [5, 33], [6, 33], [7, 33], [8, 33], [9, 33], [10, 33], [11, 33], [12, 33], [13, 33], [14, 33], [15, 33], [16, 33], [17, 33], [18, 33], [19, 33], [20, 33]]}, '4': {'seen': 1060, 'fail': 520, 'frames_fail': [[1, 26], [2, 26], [3, 26], [4, 26], [5, 26], [6, 26], [7, 26], [8, 26], [9, 26], [10, 26], [11, 26], [12, 26], [13, 26], [14, 26], [15, 26], [16, 26], [17, 26], [18, 26], [19, 26], [20, 26]]}, '5': {'seen': 1060, 'fail': 400, 'frames_fail': [[1, 20], [2, 20], [3, 20], [4, 20], [5, 20], [6, 20], [7, 20], [8, 20], [9, 20], [10, 20], [11, 20], [12, 20], [13, 20], [14, 20], [15, 20], [16, 20], [17, 20], [18, 20], [19, 20], [20, 20]]}, '6': {'seen': 1060, 'fail': 280, 'frames_fail': [[1, 14], [2, 14], [3, 14], [4, 14], [5, 14], [6, 14], [7, 14], [8, 14], [9, 14], [10, 14], [11, 14], [12, 14], [13, 14], [14, 14], [15, 14], [16, 14], [17, 14], [18, 14], [19, 14], [20, 14]]}, '7': {'seen': 1060, 'fail': 120, 'frames_fail': [[1, 6], [2, 6], [3, 6], [4, 6], [5, 6], [6, 6], [7, 6], [8, 6], [9, 6], [10, 6], [11, 6], [12, 6], [13, 6], [14, 6], [15, 6], [16, 6], [17, 6], [18, 6], [19, 6], [20, 6]]}, '8': {'seen': 1060, 'fail': 40, 'frames_fail': [[1, 2], [2, 2], [3, 2], [4, 2], [5, 2], [6, 2], [7, 2], [8, 2], [9, 2], [10, 2], [11, 2], [12, 2], [13, 2], [14, 2], [15, 2], [16, 2], [17, 2], [18, 2], [19, 2], [20, 2]]}, '9': {'seen': 1060, 'fail': 0, 'frames_fail': []}, '10': {'seen': 1060, 'fail': 0, 'frames_fail': []}, '11': {'seen': 1060, 'fail': 0, 'frames_fail': []}, '12': {'seen': 1060, 'fail': 260, 'frames_fail': [[1, 13], [2, 13], [3, 13], [4, 13], [5, 13], [6, 13], [7, 13], [8, 13], [9, 13], [10, 13], [11, 13], [12, 13], [13, 13], [14, 13], [15, 13], [16, 13], [17, 13], [18, 13], [19, 13], [20, 13]]}, '13': {'seen': 1060, 'fail': 200, 'frames_fail': [[1, 10], [2, 10], [3, 10], [4, 10], [5, 10], [6, 10], [7, 10], [8, 10], [9, 10], [10, 10], [11, 10], [12, 10], [13, 10], [14, 10], [15, 10], [16, 10], [17, 10], [18, 10], [19, 10], [20, 10]]}, '14': {'seen': 1060, 'fail': 420, 'frames_fail': [[1, 21], [2, 21], [3, 21], [4, 21], [5, 21], [6, 21], [7, 21], [8, 21], [9, 21], [10, 21], [11, 21], [12, 21], [13, 21], [14, 21], [15, 21], [16, 21], [17, 21], [18, 21], [19, 21], [20, 21]]}, '15': {'seen': 1060, 'fail': 320, 'frames_fail': [[1, 16], [2, 16], [3, 16], [4, 16], [5, 16], [6, 16], [7, 16], [8, 16], [9, 16], [10, 16], [11, 16], [12, 16], [13, 16], [14, 16], [15, 16], [16, 16], [17, 16], [18, 16], [19, 16], [20, 16]]}, '16': {'seen': 1060, 'fail': 220, 'frames_fail': [[1, 11], [2, 11], [3, 11], [4, 11], [5, 11], [6, 11], [7, 11], [8, 11], [9, 11], [10, 11], [11, 11], [12, 11], [13, 11], [14, 11], [15, 11], [16, 11], [17, 11], [18, 11], [19, 11], [20, 11]]}}}
  Frog                   {'gate': False, 'calls': 1000, 'nb_seen': 900, 'nb_fail': 0, 'nb_dropped': 0, 'cells': 200, 'cells_fail': 0, 'per_view': {'0': {'seen': 0, 'fail': 0, 'frames_fail': []}, '1': {'seen': 100, 'fail': 0, 'frames_fail': []}, '2': {'seen': 100, 'fail': 0, 'frames_fail': []}, '3': {'seen': 100, 'fail': 0, 'frames_fail': []}, '4': {'seen': 100, 'fail': 0, 'frames_fail': []}, '5': {'seen': 100, 'fail': 0, 'frames_fail': []}, '6': {'seen': 100, 'fail': 0, 'frames_fail': []}, '7': {'seen': 100, 'fail': 0, 'frames_fail': []}, '8': {'seen': 100, 'fail': 0, 'frames_fail': []}, '9': {'seen': 100, 'fail': 0, 'frames_fail': []}}}
  MATF                   {'gate': False, 'calls': 6200, 'nb_seen': 5580, 'nb_fail': 1969, 'nb_dropped': 0, 'cells': 200, 'cells_fail': 140, 'per_view': {'0': {'seen': 0, 'fail': 0, 'frames_fail': []}, '1': {'seen': 620, 'fail': 0, 'frames_fail': []}, '2': {'seen': 620, 'fail': 0, 'frames_fail': []}, '3': {'seen': 620, 'fail': 160, 'frames_fail': [[31, 8], [32, 8], [33, 8], [34, 8], [35, 8], [36, 8], [37, 8], [38, 8], [39, 8], [40, 8], [41, 8], [42, 8], [43, 8], [44, 8], [45, 8], [46, 8], [47, 8], [48, 8], [49, 8], [50, 8]]}, '4': {'seen': 620, 'fail': 100, 'frames_fail': [[31, 5], [32, 5], [33, 5], [34, 5], [35, 5], [36, 5], [37, 5], [38, 5], [39, 5], [40, 5], [41, 5], [42, 5], [43, 5], [44, 5], [45, 5], [46, 5], [47, 5], [48, 5], [49, 5], [50, 5]]}, '5': {'seen': 620, 'fail': 167, 'frames_fail': [[31, 8], [32, 8], [33, 8], [34, 8], [35, 8], [36, 8], [37, 8], [38, 8], [39, 8], [40, 9], [41, 9], [42, 9], [43, 9], [44, 9], [45, 9], [46, 9], [47, 8], [48, 8], [49, 8], [50, 8]]}, '6': {'seen': 620, 'fail': 182, 'frames_fail': [[31, 9], [32, 9], [33, 9], [34, 9], [35, 9], [36, 9], [37, 9], [38, 9], [39, 9], [40, 9], [41, 10], [42, 10], [43, 10], [44, 10], [45, 9], [46, 9], [47, 9], [48, 9], [49, 8], [50, 8]]}, '7': {'seen': 620, 'fail': 400, 'frames_fail': [[31, 20], [32, 20], [33, 20], [34, 20], [35, 20], [36, 20], [37, 20], [38, 20], [39, 20], [40, 20], [41, 20], [42, 20], [43, 20], [44, 20], [45, 20], [46, 20], [47, 20], [48, 20], [49, 20], [50, 20]]}, '8': {'seen': 620, 'fail': 460, 'frames_fail': [[31, 23], [32, 23], [33, 23], [34, 23], [35, 23], [36, 23], [37, 23], [38, 23], [39, 23], [40, 23], [41, 23], [42, 23], [43, 23], [44, 23], [45, 23], [46, 23], [47, 23], [48, 23], [49, 23], [50, 23]]}, '9': {'seen': 620, 'fail': 500, 'frames_fail': [[31, 25], [32, 25], [33, 25], [34, 25], [35, 25], [36, 25], [37, 25], [38, 25], [39, 25], [40, 25], [41, 25], [42, 25], [43, 25], [44, 25], [45, 25], [46, 25], [47, 25], [48, 25], [49, 25], [50, 25]]}}}
  Painter                {'gate': False, 'calls': 8000, 'nb_seen': 7500, 'nb_fail': 318, 'nb_dropped': 0, 'cells': 320, 'cells_fail': 227, 'per_view': {'0': {'seen': 0, 'fail': 0, 'frames_fail': []}, '1': {'seen': 500, 'fail': 53, 'frames_fail': [[41, 1], [42, 1], [43, 2], [44, 2], [45, 2], [46, 2], [47, 2], [48, 3], [49, 3], [50, 3], [51, 3], [52, 3], [53, 3], [54, 3], [55, 3], [56, 3], [57, 3], [58, 3], [59, 4], [60, 4]]}, '2': {'seen': 500, 'fail': 35, 'frames_fail': [[42, 1], [43, 1], [44, 1], [45, 1], [46, 1], [47, 2], [48, 2], [49, 2], [50, 2], [51, 2], [52, 2], [53, 2], [54, 2], [55, 2], [56, 2], [57, 2], [58, 3], [59, 3], [60, 2]]}, '3': {'seen': 500, 'fail': 39, 'frames_fail': [[41, 1], [42, 1], [43, 1], [44, 1], [45, 1], [46, 2], [47, 2], [48, 2], [49, 2], [50, 2], [51, 2], [52, 2], [53, 2], [54, 2], [55, 2], [56, 2], [57, 3], [58, 3], [59, 4], [60, 2]]}, '4': {'seen': 500, 'fail': 41, 'frames_fail': [[41, 1], [42, 1], [43, 1], [44, 1], [45, 2], [46, 2], [47, 2], [48, 2], [49, 2], [50, 2], [51, 2], [52, 2], [53, 2], [54, 2], [55, 2], [56, 3], [57, 3], [58, 4], [59, 3], [60, 2]]}, '5': {'seen': 500, 'fail': 13, 'frames_fail': [[48, 1], [49, 1], [50, 1], [51, 1], [52, 1], [53, 1], [54, 1], [55, 1], [56, 1], [57, 1], [58, 1], [59, 1], [60, 1]]}, '6': {'seen': 500, 'fail': 14, 'frames_fail': [[47, 1], [48, 1], [49, 1], [50, 1], [51, 1], [52, 1], [53, 1], [54, 1], [55, 1], [56, 1], [57, 1], [58, 1], [59, 1], [60, 1]]}, '7': {'seen': 500, 'fail': 14, 'frames_fail': [[47, 1], [48, 1], [49, 1], [50, 1], [51, 1], [52, 1], [53, 1], [54, 1], [55, 1], [56, 1], [57, 1], [58, 1], [59, 1], [60, 1]]}, '8': {'seen': 500, 'fail': 16, 'frames_fail': [[46, 1], [47, 1], [48, 1], [49, 1], [50, 1], [51, 1], [52, 1], [53, 1], [54, 1], [55, 1], [56, 1], [57, 1], [58, 1], [59, 1], [60, 2]]}, '9': {'seen': 500, 'fail': 12, 'frames_fail': [[49, 1], [50, 1], [51, 1], [52, 1], [53, 1], [54, 1], [55, 1], [56, 1], [57, 1], [58, 1], [59, 1], [60, 1]]}, '10': {'seen': 500, 'fail': 13, 'frames_fail': [[48, 1], [49, 1], [50, 1], [51, 1], [52, 1], [53, 1], [54, 1], [55, 1], [56, 1], [57, 1], [58, 1], [59, 1], [60, 1]]}, '11': {'seen': 500, 'fail': 14, 'frames_fail': [[47, 1], [48, 1], [49, 1], [50, 1], [51, 1], [52, 1], [53, 1], [54, 1], [55, 1], [56, 1], [57, 1], [58, 1], [59, 1], [60, 1]]}, '12': {'seen': 500, 'fail': 16, 'frames_fail': [[46, 1], [47, 1], [48, 1], [49, 1], [50, 1], [51, 1], [52, 1], [53, 1], [54, 1], [55, 1], [56, 1], [57, 1], [58, 1], [59, 1], [60, 2]]}, '13': {'seen': 500, 'fail': 11, 'frames_fail': [[49, 1], [50, 1], [51, 1], [52, 1], [54, 1], [55, 1], [56, 1], [57, 1], [58, 1], [59, 1], [60, 1]]}, '14': {'seen': 500, 'fail': 13, 'frames_fail': [[48, 1], [49, 1], [50, 1], [51, 1], [52, 1], [53, 1], [54, 1], [55, 1], [56, 1], [57, 1], [58, 1], [59, 1], [60, 1]]}, '15': {'seen': 500, 'fail': 14, 'frames_fail': [[47, 1], [48, 1], [49, 1], [50, 1], [51, 1], [52, 1], [53, 1], [54, 1], [55, 1], [56, 1], [57, 1], [58, 1], [59, 1], [60, 1]]}}}
  PoznanStreet           {'gate': False, 'calls': 4140, 'nb_seen': 3680, 'nb_fail': 112, 'nb_dropped': 0, 'cells': 180, 'cells_fail': 112, 'per_view': {'0': {'seen': 0, 'fail': 0, 'frames_fail': []}, '1': {'seen': 460, 'fail': 14, 'frames_fail': [[95, 1], [96, 1], [97, 1], [98, 1], [99, 1], [100, 1], [101, 1], [102, 1], [103, 1], [104, 1], [105, 1], [106, 1], [107, 1], [108, 1]]}, '2': {'seen': 460, 'fail': 14, 'frames_fail': [[95, 1], [96, 1], [97, 1], [98, 1], [99, 1], [100, 1], [101, 1], [102, 1], [103, 1], [104, 1], [105, 1], [106, 1], [107, 1], [108, 1]]}, '3': {'seen': 460, 'fail': 15, 'frames_fail': [[95, 1], [96, 1], [97, 1], [98, 1], [99, 1], [100, 1], [101, 1], [102, 1], [103, 1], [104, 1], [105, 1], [106, 1], [107, 1], [108, 1], [109, 1]]}, '4': {'seen': 460, 'fail': 14, 'frames_fail': [[96, 1], [97, 1], [98, 1], [99, 1], [100, 1], [101, 1], [102, 1], [103, 1], [104, 1], [105, 1], [106, 1], [107, 1], [108, 1], [109, 1]]}, '5': {'seen': 460, 'fail': 14, 'frames_fail': [[96, 1], [97, 1], [98, 1], [99, 1], [100, 1], [101, 1], [102, 1], [103, 1], [104, 1], [105, 1], [106, 1], [107, 1], [108, 1], [109, 1]]}, '6': {'seen': 460, 'fail': 13, 'frames_fail': [[97, 1], [98, 1], [99, 1], [100, 1], [101, 1], [102, 1], [103, 1], [104, 1], [105, 1], [106, 1], [107, 1], [108, 1], [109, 1]]}, '7': {'seen': 460, 'fail': 14, 'frames_fail': [[97, 1], [98, 1], [99, 1], [100, 1], [101, 1], [102, 1], [103, 1], [104, 1], [105, 1], [106, 1], [107, 1], [108, 1], [109, 1], [110, 1]]}, '8': {'seen': 460, 'fail': 14, 'frames_fail': [[97, 1], [98, 1], [99, 1], [100, 1], [101, 1], [102, 1], [103, 1], [104, 1], [105, 1], [106, 1], [107, 1], [108, 1], [109, 1], [110, 1]]}}}
  Welder                 {'gate': False, 'calls': 1280, 'nb_seen': 960, 'nb_fail': 19, 'nb_dropped': 0, 'cells': 80, 'cells_fail': 19, 'per_view': {'0': {'seen': 0, 'fail': 0, 'frames_fail': []}, '1': {'seen': 320, 'fail': 6, 'frames_fail': [[15, 1], [16, 1], [17, 1], [18, 1], [19, 1], [20, 1]]}, '2': {'seen': 320, 'fail': 13, 'frames_fail': [[1, 1], [2, 1], [3, 1], [4, 1], [5, 1], [6, 1], [7, 1], [8, 1], [9, 1], [10, 1], [11, 1], [12, 1], [13, 1]]}, '3': {'seen': 320, 'fail': 0, 'frames_fail': []}}}
== SegMaskSam3XW1GP ==
  AlexaMeadeExhibit      {'gate': True, 'calls': 2640, 'nb_seen': 1980, 'nb_fail': 20, 'nb_dropped': 20, 'cells': 80, 'cells_fail': 20, 'per_view': {'0': {'seen': 0, 'fail': 0, 'frames_fail': []}, '1': {'seen': 660, 'fail': 0, 'frames_fail': []}, '2': {'seen': 660, 'fail': 0, 'frames_fail': []}, '3': {'seen': 660, 'fail': 20, 'frames_fail': [[1, 1], [2, 1], [3, 1], [4, 1], [5, 1], [6, 1], [7, 1], [8, 1], [9, 1], [10, 1], [11, 1], [12, 1], [13, 1], [14, 1], [15, 1], [16, 1], [17, 1], [18, 1], [19, 1], [20, 1]]}}}
  AlexaMeadeFacePaint    {'gate': True, 'calls': 1980, 'nb_seen': 1760, 'nb_fail': 420, 'nb_dropped': 420, 'cells': 180, 'cells_fail': 140, 'per_view': {'0': {'seen': 0, 'fail': 0, 'frames_fail': []}, '1': {'seen': 220, 'fail': 40, 'frames_fail': [[1, 2], [2, 2], [3, 2], [4, 2], [5, 2], [6, 2], [7, 2], [8, 2], [9, 2], [10, 2], [11, 2], [12, 2], [13, 2], [14, 2], [15, 2], [16, 2], [17, 2], [18, 2], [19, 2], [20, 2]]}, '2': {'seen': 220, 'fail': 20, 'frames_fail': [[1, 1], [2, 1], [3, 1], [4, 1], [5, 1], [6, 1], [7, 1], [8, 1], [9, 1], [10, 1], [11, 1], [12, 1], [13, 1], [14, 1], [15, 1], [16, 1], [17, 1], [18, 1], [19, 1], [20, 1]]}, '3': {'seen': 220, 'fail': 60, 'frames_fail': [[1, 3], [2, 3], [3, 3], [4, 3], [5, 3], [6, 3], [7, 3], [8, 3], [9, 3], [10, 3], [11, 3], [12, 3], [13, 3], [14, 3], [15, 3], [16, 3], [17, 3], [18, 3], [19, 3], [20, 3]]}, '4': {'seen': 220, 'fail': 140, 'frames_fail': [[1, 7], [2, 7], [3, 7], [4, 7], [5, 7], [6, 7], [7, 7], [8, 7], [9, 7], [10, 7], [11, 7], [12, 7], [13, 7], [14, 7], [15, 7], [16, 7], [17, 7], [18, 7], [19, 7], [20, 7]]}, '5': {'seen': 220, 'fail': 120, 'frames_fail': [[1, 6], [2, 6], [3, 6], [4, 6], [5, 6], [6, 6], [7, 6], [8, 6], [9, 6], [10, 6], [11, 6], [12, 6], [13, 6], [14, 6], [15, 6], [16, 6], [17, 6], [18, 6], [19, 6], [20, 6]]}, '6': {'seen': 220, 'fail': 20, 'frames_fail': [[1, 1], [2, 1], [3, 1], [4, 1], [5, 1], [6, 1], [7, 1], [8, 1], [9, 1], [10, 1], [11, 1], [12, 1], [13, 1], [14, 1], [15, 1], [16, 1], [17, 1], [18, 1], [19, 1], [20, 1]]}, '7': {'seen': 220, 'fail': 20, 'frames_fail': [[1, 1], [2, 1], [3, 1], [4, 1], [5, 1], [6, 1], [7, 1], [8, 1], [9, 1], [10, 1], [11, 1], [12, 1], [13, 1], [14, 1], [15, 1], [16, 1], [17, 1], [18, 1], [19, 1], [20, 1]]}, '8': {'seen': 220, 'fail': 0, 'frames_fail': []}}}
  Barn                   {'gate': True, 'calls': 6600, 'nb_seen': 6000, 'nb_fail': 0, 'nb_dropped': 0, 'cells': 220, 'cells_fail': 0, 'per_view': {'0': {'seen': 0, 'fail': 0, 'frames_fail': []}, '1': {'seen': 600, 'fail': 0, 'frames_fail': []}, '2': {'seen': 600, 'fail': 0, 'frames_fail': []}, '3': {'seen': 600, 'fail': 0, 'frames_fail': []}, '4': {'seen': 600, 'fail': 0, 'frames_fail': []}, '5': {'seen': 600, 'fail': 0, 'frames_fail': []}, '6': {'seen': 600, 'fail': 0, 'frames_fail': []}, '7': {'seen': 600, 'fail': 0, 'frames_fail': []}, '8': {'seen': 600, 'fail': 0, 'frames_fail': []}, '9': {'seen': 600, 'fail': 0, 'frames_fail': []}, '10': {'seen': 600, 'fail': 0, 'frames_fail': []}}}
  Blocks                 {'gate': True, 'calls': 3000, 'nb_seen': 2700, 'nb_fail': 200, 'nb_dropped': 200, 'cells': 200, 'cells_fail': 140, 'per_view': {'0': {'seen': 0, 'fail': 0, 'frames_fail': []}, '1': {'seen': 300, 'fail': 40, 'frames_fail': [[1, 2], [2, 2], [3, 2], [4, 2], [5, 2], [6, 2], [7, 2], [8, 2], [9, 2], [10, 2], [11, 2], [12, 2], [13, 2], [14, 2], [15, 2], [16, 2], [17, 2], [18, 2], [19, 2], [20, 2]]}, '2': {'seen': 300, 'fail': 60, 'frames_fail': [[1, 3], [2, 3], [3, 3], [4, 3], [5, 3], [6, 3], [7, 3], [8, 3], [9, 3], [10, 3], [11, 3], [12, 3], [13, 3], [14, 3], [15, 3], [16, 3], [17, 3], [18, 3], [19, 3], [20, 3]]}, '3': {'seen': 300, 'fail': 20, 'frames_fail': [[1, 1], [2, 1], [3, 1], [4, 1], [5, 1], [6, 1], [7, 1], [8, 1], [9, 1], [10, 1], [11, 1], [12, 1], [13, 1], [14, 1], [15, 1], [16, 1], [17, 1], [18, 1], [19, 1], [20, 1]]}, '4': {'seen': 300, 'fail': 20, 'frames_fail': [[1, 1], [2, 1], [3, 1], [4, 1], [5, 1], [6, 1], [7, 1], [8, 1], [9, 1], [10, 1], [11, 1], [12, 1], [13, 1], [14, 1], [15, 1], [16, 1], [17, 1], [18, 1], [19, 1], [20, 1]]}, '5': {'seen': 300, 'fail': 20, 'frames_fail': [[1, 1], [2, 1], [3, 1], [4, 1], [5, 1], [6, 1], [7, 1], [8, 1], [9, 1], [10, 1], [11, 1], [12, 1], [13, 1], [14, 1], [15, 1], [16, 1], [17, 1], [18, 1], [19, 1], [20, 1]]}, '6': {'seen': 300, 'fail': 20, 'frames_fail': [[1, 1], [2, 1], [3, 1], [4, 1], [5, 1], [6, 1], [7, 1], [8, 1], [9, 1], [10, 1], [11, 1], [12, 1], [13, 1], [14, 1], [15, 1], [16, 1], [17, 1], [18, 1], [19, 1], [20, 1]]}, '7': {'seen': 300, 'fail': 20, 'frames_fail': [[1, 1], [2, 1], [3, 1], [4, 1], [5, 1], [6, 1], [7, 1], [8, 1], [9, 1], [10, 1], [11, 1], [12, 1], [13, 1], [14, 1], [15, 1], [16, 1], [17, 1], [18, 1], [19, 1], [20, 1]]}, '8': {'seen': 300, 'fail': 0, 'frames_fail': []}, '9': {'seen': 300, 'fail': 0, 'frames_fail': []}}}
  Breakfast              {'gate': True, 'calls': 5600, 'nb_seen': 5040, 'nb_fail': 1006, 'nb_dropped': 1006, 'cells': 200, 'cells_fail': 180, 'per_view': {'0': {'seen': 0, 'fail': 0, 'frames_fail': []}, '1': {'seen': 560, 'fail': 121, 'frames_fail': [[1, 5], [2, 5], [3, 5], [4, 5], [5, 5], [6, 5], [7, 6], [8, 7], [9, 6], [10, 6], [11, 6], [12, 6], [13, 6], [14, 6], [15, 7], [16, 7], [17, 7], [18, 7], [19, 7], [20, 7]]}, '2': {'seen': 560, 'fail': 123, 'frames_fail': [[1, 6], [2, 6], [3, 6], [4, 6], [5, 6], [6, 6], [7, 6], [8, 6], [9, 7], [10, 6], [11, 6], [12, 6], [13, 6], [14, 6], [15, 6], [16, 6], [17, 6], [18, 6], [19, 7], [20, 7]]}, '3': {'seen': 560, 'fail': 120, 'frames_fail': [[1, 6], [2, 6], [3, 6], [4, 6], [5, 6], [6, 6], [7, 6], [8, 6], [9, 6], [10, 6], [11, 6], [12, 6], [13, 6], [14, 6], [15, 6], [16, 6], [17, 6], [18, 6], [19, 6], [20, 6]]}, '4': {'seen': 560, 'fail': 132, 'frames_fail': [[1, 6], [2, 6], [3, 6], [4, 6], [5, 6], [6, 6], [7, 6], [8, 6], [9, 7], [10, 7], [11, 7], [12, 7], [13, 7], [14, 7], [15, 7], [16, 7], [17, 7], [18, 7], [19, 7], [20, 7]]}, '5': {'seen': 560, 'fail': 160, 'frames_fail': [[1, 8], [2, 8], [3, 8], [4, 8], [5, 8], [6, 8], [7, 8], [8, 8], [9, 8], [10, 8], [11, 8], [12, 8], [13, 8], [14, 8], [15, 8], [16, 8], [17, 8], [18, 8], [19, 8], [20, 8]]}, '6': {'seen': 560, 'fail': 87, 'frames_fail': [[1, 3], [2, 3], [3, 3], [4, 3], [5, 3], [6, 5], [7, 5], [8, 5], [9, 5], [10, 5], [11, 5], [12, 5], [13, 5], [14, 4], [15, 5], [16, 5], [17, 4], [18, 4], [19, 5], [20, 5]]}, '7': {'seen': 560, 'fail': 81, 'frames_fail': [[1, 4], [2, 4], [3, 4], [4, 4], [5, 4], [6, 5], [7, 5], [8, 5], [9, 5], [10, 5], [11, 5], [12, 4], [13, 4], [14, 4], [15, 4], [16, 3], [17, 3], [18, 3], [19, 3], [20, 3]]}, '8': {'seen': 560, 'fail': 88, 'frames_fail': [[1, 4], [2, 4], [3, 4], [4, 4], [5, 4], [6, 5], [7, 5], [8, 5], [9, 5], [10, 5], [11, 5], [12, 4], [13, 4], [14, 4], [15, 4], [16, 4], [17, 4], [18, 5], [19, 4], [20, 5]]}, '9': {'seen': 560, 'fail': 94, 'frames_fail': [[1, 3], [2, 3], [3, 3], [4, 3], [5, 4], [6, 4], [7, 5], [8, 5], [9, 5], [10, 5], [11, 5], [12, 4], [13, 4], [14, 5], [15, 6], [16, 6], [17, 6], [18, 6], [19, 6], [20, 6]]}}}
  Carpark                {'gate': True, 'calls': 3960, 'nb_seen': 3520, 'nb_fail': 0, 'nb_dropped': 0, 'cells': 180, 'cells_fail': 0, 'per_view': {'0': {'seen': 0, 'fail': 0, 'frames_fail': []}, '1': {'seen': 440, 'fail': 0, 'frames_fail': []}, '2': {'seen': 440, 'fail': 0, 'frames_fail': []}, '3': {'seen': 440, 'fail': 0, 'frames_fail': []}, '4': {'seen': 440, 'fail': 0, 'frames_fail': []}, '5': {'seen': 440, 'fail': 0, 'frames_fail': []}, '6': {'seen': 440, 'fail': 0, 'frames_fail': []}, '7': {'seen': 440, 'fail': 0, 'frames_fail': []}, '8': {'seen': 440, 'fail': 0, 'frames_fail': []}}}
  CoffeeMartini          {'gate': True, 'calls': 17400, 'nb_seen': 16240, 'nb_fail': 3963, 'nb_dropped': 3963, 'cells': 300, 'cells_fail': 260, 'per_view': {'0': {'seen': 0, 'fail': 0, 'frames_fail': []}, '1': {'seen': 1160, 'fail': 320, 'frames_fail': [[1, 16], [2, 16], [3, 16], [4, 16], [5, 16], [6, 16], [7, 16], [8, 16], [9, 16], [10, 16], [11, 16], [12, 16], [13, 16], [14, 16], [15, 16], [16, 16], [17, 16], [18, 16], [19, 16], [20, 16]]}, '2': {'seen': 1160, 'fail': 100, 'frames_fail': [[1, 5], [2, 5], [3, 5], [4, 5], [5, 5], [6, 5], [7, 5], [8, 5], [9, 5], [10, 5], [11, 5], [12, 5], [13, 5], [14, 5], [15, 5], [16, 5], [17, 5], [18, 5], [19, 5], [20, 5]]}, '3': {'seen': 1160, 'fail': 0, 'frames_fail': []}, '4': {'seen': 1160, 'fail': 180, 'frames_fail': [[1, 9], [2, 9], [3, 9], [4, 9], [5, 9], [6, 9], [7, 9], [8, 9], [9, 9], [10, 9], [11, 9], [12, 9], [13, 9], [14, 9], [15, 9], [16, 9], [17, 9], [18, 9], [19, 9], [20, 9]]}, '5': {'seen': 1160, 'fail': 260, 'frames_fail': [[1, 13], [2, 13], [3, 13], [4, 13], [5, 13], [6, 13], [7, 13], [8, 13], [9, 13], [10, 13], [11, 13], [12, 13], [13, 13], [14, 13], [15, 13], [16, 13], [17, 13], [18, 13], [19, 13], [20, 13]]}, '6': {'seen': 1160, 'fail': 340, 'frames_fail': [[1, 17], [2, 17], [3, 17], [4, 17], [5, 17], [6, 17], [7, 17], [8, 17], [9, 17], [10, 17], [11, 17], [12, 17], [13, 17], [14, 17], [15, 17], [16, 17], [17, 17], [18, 17], [19, 17], [20, 17]]}, '7': {'seen': 1160, 'fail': 386, 'frames_fail': [[1, 19], [2, 19], [3, 19], [4, 19], [5, 19], [6, 19], [7, 19], [8, 19], [9, 19], [10, 19], [11, 19], [12, 19], [13, 19], [14, 19], [15, 20], [16, 20], [17, 20], [18, 20], [19, 20], [20, 20]]}, '8': {'seen': 1160, 'fail': 417, 'frames_fail': [[1, 20], [2, 20], [3, 20], [4, 21], [5, 21], [6, 21], [7, 21], [8, 21], [9, 21], [10, 21], [11, 21], [12, 21], [13, 21], [14, 21], [15, 21], [16, 21], [17, 21], [18, 21], [19, 21], [20, 21]]}, '9': {'seen': 1160, 'fail': 500, 'frames_fail': [[1, 25], [2, 25], [3, 25], [4, 25], [5, 25], [6, 25], [7, 25], [8, 25], [9, 25], [10, 25], [11, 25], [12, 25], [13, 25], [14, 25], [15, 25], [16, 25], [17, 25], [18, 25], [19, 25], [20, 25]]}, '10': {'seen': 1160, 'fail': 540, 'frames_fail': [[1, 27], [2, 27], [3, 27], [4, 27], [5, 27], [6, 27], [7, 27], [8, 27], [9, 27], [10, 27], [11, 27], [12, 27], [13, 27], [14, 27], [15, 27], [16, 27], [17, 27], [18, 27], [19, 27], [20, 27]]}, '11': {'seen': 1160, 'fail': 220, 'frames_fail': [[1, 11], [2, 11], [3, 11], [4, 11], [5, 11], [6, 11], [7, 11], [8, 11], [9, 11], [10, 11], [11, 11], [12, 11], [13, 11], [14, 11], [15, 11], [16, 11], [17, 11], [18, 11], [19, 11], [20, 11]]}, '12': {'seen': 1160, 'fail': 300, 'frames_fail': [[1, 15], [2, 15], [3, 15], [4, 15], [5, 15], [6, 15], [7, 15], [8, 15], [9, 15], [10, 15], [11, 15], [12, 15], [13, 15], [14, 15], [15, 15], [16, 15], [17, 15], [18, 15], [19, 15], [20, 15]]}, '13': {'seen': 1160, 'fail': 160, 'frames_fail': [[1, 8], [2, 8], [3, 8], [4, 8], [5, 8], [6, 8], [7, 8], [8, 8], [9, 8], [10, 8], [11, 8], [12, 8], [13, 8], [14, 8], [15, 8], [16, 8], [17, 8], [18, 8], [19, 8], [20, 8]]}, '14': {'seen': 1160, 'fail': 240, 'frames_fail': [[1, 12], [2, 12], [3, 12], [4, 12], [5, 12], [6, 12], [7, 12], [8, 12], [9, 12], [10, 12], [11, 12], [12, 12], [13, 12], [14, 12], [15, 12], [16, 12], [17, 12], [18, 12], [19, 12], [20, 12]]}}}
  Dog                    {'gate': True, 'calls': 720, 'nb_seen': 540, 'nb_fail': 60, 'nb_dropped': 60, 'cells': 80, 'cells_fail': 40, 'per_view': {'0': {'seen': 0, 'fail': 0, 'frames_fail': []}, '1': {'seen': 180, 'fail': 20, 'frames_fail': [[1, 1], [2, 1], [3, 1], [4, 1], [5, 1], [6, 1], [7, 1], [8, 1], [9, 1], [10, 1], [11, 1], [12, 1], [13, 1], [14, 1], [15, 1], [16, 1], [17, 1], [18, 1], [19, 1], [20, 1]]}, '2': {'seen': 180, 'fail': 40, 'frames_fail': [[1, 2], [2, 2], [3, 2], [4, 2], [5, 2], [6, 2], [7, 2], [8, 2], [9, 2], [10, 2], [11, 2], [12, 2], [13, 2], [14, 2], [15, 2], [16, 2], [17, 2], [18, 2], [19, 2], [20, 2]]}, '3': {'seen': 180, 'fail': 0, 'frames_fail': []}}}
  Fencing                {'gate': True, 'calls': 1600, 'nb_seen': 1440, 'nb_fail': 0, 'nb_dropped': 0, 'cells': 200, 'cells_fail': 0, 'per_view': {'0': {'seen': 0, 'fail': 0, 'frames_fail': []}, '1': {'seen': 160, 'fail': 0, 'frames_fail': []}, '2': {'seen': 160, 'fail': 0, 'frames_fail': []}, '3': {'seen': 160, 'fail': 0, 'frames_fail': []}, '4': {'seen': 160, 'fail': 0, 'frames_fail': []}, '5': {'seen': 160, 'fail': 0, 'frames_fail': []}, '6': {'seen': 160, 'fail': 0, 'frames_fail': []}, '7': {'seen': 160, 'fail': 0, 'frames_fail': []}, '8': {'seen': 160, 'fail': 0, 'frames_fail': []}, '9': {'seen': 160, 'fail': 0, 'frames_fail': []}}}
  FlameSteak             {'gate': True, 'calls': 18020, 'nb_seen': 16960, 'nb_fail': 4340, 'nb_dropped': 4340, 'cells': 340, 'cells_fail': 260, 'per_view': {'0': {'seen': 0, 'fail': 0, 'frames_fail': []}, '1': {'seen': 1060, 'fail': 200, 'frames_fail': [[1, 10], [2, 10], [3, 10], [4, 10], [5, 10], [6, 10], [7, 10], [8, 10], [9, 10], [10, 10], [11, 10], [12, 10], [13, 10], [14, 10], [15, 10], [16, 10], [17, 10], [18, 10], [19, 10], [20, 10]]}, '2': {'seen': 1060, 'fail': 700, 'frames_fail': [[1, 35], [2, 35], [3, 35], [4, 35], [5, 35], [6, 35], [7, 35], [8, 35], [9, 35], [10, 35], [11, 35], [12, 35], [13, 35], [14, 35], [15, 35], [16, 35], [17, 35], [18, 35], [19, 35], [20, 35]]}, '3': {'seen': 1060, 'fail': 660, 'frames_fail': [[1, 33], [2, 33], [3, 33], [4, 33], [5, 33], [6, 33], [7, 33], [8, 33], [9, 33], [10, 33], [11, 33], [12, 33], [13, 33], [14, 33], [15, 33], [16, 33], [17, 33], [18, 33], [19, 33], [20, 33]]}, '4': {'seen': 1060, 'fail': 520, 'frames_fail': [[1, 26], [2, 26], [3, 26], [4, 26], [5, 26], [6, 26], [7, 26], [8, 26], [9, 26], [10, 26], [11, 26], [12, 26], [13, 26], [14, 26], [15, 26], [16, 26], [17, 26], [18, 26], [19, 26], [20, 26]]}, '5': {'seen': 1060, 'fail': 400, 'frames_fail': [[1, 20], [2, 20], [3, 20], [4, 20], [5, 20], [6, 20], [7, 20], [8, 20], [9, 20], [10, 20], [11, 20], [12, 20], [13, 20], [14, 20], [15, 20], [16, 20], [17, 20], [18, 20], [19, 20], [20, 20]]}, '6': {'seen': 1060, 'fail': 280, 'frames_fail': [[1, 14], [2, 14], [3, 14], [4, 14], [5, 14], [6, 14], [7, 14], [8, 14], [9, 14], [10, 14], [11, 14], [12, 14], [13, 14], [14, 14], [15, 14], [16, 14], [17, 14], [18, 14], [19, 14], [20, 14]]}, '7': {'seen': 1060, 'fail': 120, 'frames_fail': [[1, 6], [2, 6], [3, 6], [4, 6], [5, 6], [6, 6], [7, 6], [8, 6], [9, 6], [10, 6], [11, 6], [12, 6], [13, 6], [14, 6], [15, 6], [16, 6], [17, 6], [18, 6], [19, 6], [20, 6]]}, '8': {'seen': 1060, 'fail': 40, 'frames_fail': [[1, 2], [2, 2], [3, 2], [4, 2], [5, 2], [6, 2], [7, 2], [8, 2], [9, 2], [10, 2], [11, 2], [12, 2], [13, 2], [14, 2], [15, 2], [16, 2], [17, 2], [18, 2], [19, 2], [20, 2]]}, '9': {'seen': 1060, 'fail': 0, 'frames_fail': []}, '10': {'seen': 1060, 'fail': 0, 'frames_fail': []}, '11': {'seen': 1060, 'fail': 0, 'frames_fail': []}, '12': {'seen': 1060, 'fail': 260, 'frames_fail': [[1, 13], [2, 13], [3, 13], [4, 13], [5, 13], [6, 13], [7, 13], [8, 13], [9, 13], [10, 13], [11, 13], [12, 13], [13, 13], [14, 13], [15, 13], [16, 13], [17, 13], [18, 13], [19, 13], [20, 13]]}, '13': {'seen': 1060, 'fail': 200, 'frames_fail': [[1, 10], [2, 10], [3, 10], [4, 10], [5, 10], [6, 10], [7, 10], [8, 10], [9, 10], [10, 10], [11, 10], [12, 10], [13, 10], [14, 10], [15, 10], [16, 10], [17, 10], [18, 10], [19, 10], [20, 10]]}, '14': {'seen': 1060, 'fail': 420, 'frames_fail': [[1, 21], [2, 21], [3, 21], [4, 21], [5, 21], [6, 21], [7, 21], [8, 21], [9, 21], [10, 21], [11, 21], [12, 21], [13, 21], [14, 21], [15, 21], [16, 21], [17, 21], [18, 21], [19, 21], [20, 21]]}, '15': {'seen': 1060, 'fail': 320, 'frames_fail': [[1, 16], [2, 16], [3, 16], [4, 16], [5, 16], [6, 16], [7, 16], [8, 16], [9, 16], [10, 16], [11, 16], [12, 16], [13, 16], [14, 16], [15, 16], [16, 16], [17, 16], [18, 16], [19, 16], [20, 16]]}, '16': {'seen': 1060, 'fail': 220, 'frames_fail': [[1, 11], [2, 11], [3, 11], [4, 11], [5, 11], [6, 11], [7, 11], [8, 11], [9, 11], [10, 11], [11, 11], [12, 11], [13, 11], [14, 11], [15, 11], [16, 11], [17, 11], [18, 11], [19, 11], [20, 11]]}}}
  Frog                   {'gate': True, 'calls': 1000, 'nb_seen': 900, 'nb_fail': 0, 'nb_dropped': 0, 'cells': 200, 'cells_fail': 0, 'per_view': {'0': {'seen': 0, 'fail': 0, 'frames_fail': []}, '1': {'seen': 100, 'fail': 0, 'frames_fail': []}, '2': {'seen': 100, 'fail': 0, 'frames_fail': []}, '3': {'seen': 100, 'fail': 0, 'frames_fail': []}, '4': {'seen': 100, 'fail': 0, 'frames_fail': []}, '5': {'seen': 100, 'fail': 0, 'frames_fail': []}, '6': {'seen': 100, 'fail': 0, 'frames_fail': []}, '7': {'seen': 100, 'fail': 0, 'frames_fail': []}, '8': {'seen': 100, 'fail': 0, 'frames_fail': []}, '9': {'seen': 100, 'fail': 0, 'frames_fail': []}}}
  MATF                   {'gate': True, 'calls': 6200, 'nb_seen': 5580, 'nb_fail': 1968, 'nb_dropped': 1968, 'cells': 200, 'cells_fail': 140, 'per_view': {'0': {'seen': 0, 'fail': 0, 'frames_fail': []}, '1': {'seen': 620, 'fail': 0, 'frames_fail': []}, '2': {'seen': 620, 'fail': 0, 'frames_fail': []}, '3': {'seen': 620, 'fail': 160, 'frames_fail': [[31, 8], [32, 8], [33, 8], [34, 8], [35, 8], [36, 8], [37, 8], [38, 8], [39, 8], [40, 8], [41, 8], [42, 8], [43, 8], [44, 8], [45, 8], [46, 8], [47, 8], [48, 8], [49, 8], [50, 8]]}, '4': {'seen': 620, 'fail': 100, 'frames_fail': [[31, 5], [32, 5], [33, 5], [34, 5], [35, 5], [36, 5], [37, 5], [38, 5], [39, 5], [40, 5], [41, 5], [42, 5], [43, 5], [44, 5], [45, 5], [46, 5], [47, 5], [48, 5], [49, 5], [50, 5]]}, '5': {'seen': 620, 'fail': 167, 'frames_fail': [[31, 8], [32, 8], [33, 8], [34, 8], [35, 8], [36, 8], [37, 8], [38, 8], [39, 8], [40, 9], [41, 9], [42, 9], [43, 9], [44, 9], [45, 9], [46, 9], [47, 8], [48, 8], [49, 8], [50, 8]]}, '6': {'seen': 620, 'fail': 181, 'frames_fail': [[31, 9], [32, 9], [33, 9], [34, 9], [35, 9], [36, 9], [37, 9], [38, 9], [39, 9], [40, 9], [41, 10], [42, 10], [43, 10], [44, 10], [45, 9], [46, 9], [47, 9], [48, 8], [49, 8], [50, 8]]}, '7': {'seen': 620, 'fail': 400, 'frames_fail': [[31, 20], [32, 20], [33, 20], [34, 20], [35, 20], [36, 20], [37, 20], [38, 20], [39, 20], [40, 20], [41, 20], [42, 20], [43, 20], [44, 20], [45, 20], [46, 20], [47, 20], [48, 20], [49, 20], [50, 20]]}, '8': {'seen': 620, 'fail': 460, 'frames_fail': [[31, 23], [32, 23], [33, 23], [34, 23], [35, 23], [36, 23], [37, 23], [38, 23], [39, 23], [40, 23], [41, 23], [42, 23], [43, 23], [44, 23], [45, 23], [46, 23], [47, 23], [48, 23], [49, 23], [50, 23]]}, '9': {'seen': 620, 'fail': 500, 'frames_fail': [[31, 25], [32, 25], [33, 25], [34, 25], [35, 25], [36, 25], [37, 25], [38, 25], [39, 25], [40, 25], [41, 25], [42, 25], [43, 25], [44, 25], [45, 25], [46, 25], [47, 25], [48, 25], [49, 25], [50, 25]]}}}
  Painter                {'gate': True, 'calls': 8000, 'nb_seen': 7500, 'nb_fail': 318, 'nb_dropped': 318, 'cells': 320, 'cells_fail': 227, 'per_view': {'0': {'seen': 0, 'fail': 0, 'frames_fail': []}, '1': {'seen': 500, 'fail': 53, 'frames_fail': [[41, 1], [42, 1], [43, 2], [44, 2], [45, 2], [46, 2], [47, 2], [48, 3], [49, 3], [50, 3], [51, 3], [52, 3], [53, 3], [54, 3], [55, 3], [56, 3], [57, 3], [58, 3], [59, 4], [60, 4]]}, '2': {'seen': 500, 'fail': 35, 'frames_fail': [[42, 1], [43, 1], [44, 1], [45, 1], [46, 1], [47, 2], [48, 2], [49, 2], [50, 2], [51, 2], [52, 2], [53, 2], [54, 2], [55, 2], [56, 2], [57, 2], [58, 3], [59, 3], [60, 2]]}, '3': {'seen': 500, 'fail': 39, 'frames_fail': [[41, 1], [42, 1], [43, 1], [44, 1], [45, 1], [46, 2], [47, 2], [48, 2], [49, 2], [50, 2], [51, 2], [52, 2], [53, 2], [54, 2], [55, 2], [56, 2], [57, 3], [58, 3], [59, 4], [60, 2]]}, '4': {'seen': 500, 'fail': 41, 'frames_fail': [[41, 1], [42, 1], [43, 1], [44, 1], [45, 2], [46, 2], [47, 2], [48, 2], [49, 2], [50, 2], [51, 2], [52, 2], [53, 2], [54, 2], [55, 2], [56, 3], [57, 3], [58, 4], [59, 3], [60, 2]]}, '5': {'seen': 500, 'fail': 13, 'frames_fail': [[48, 1], [49, 1], [50, 1], [51, 1], [52, 1], [53, 1], [54, 1], [55, 1], [56, 1], [57, 1], [58, 1], [59, 1], [60, 1]]}, '6': {'seen': 500, 'fail': 14, 'frames_fail': [[47, 1], [48, 1], [49, 1], [50, 1], [51, 1], [52, 1], [53, 1], [54, 1], [55, 1], [56, 1], [57, 1], [58, 1], [59, 1], [60, 1]]}, '7': {'seen': 500, 'fail': 14, 'frames_fail': [[47, 1], [48, 1], [49, 1], [50, 1], [51, 1], [52, 1], [53, 1], [54, 1], [55, 1], [56, 1], [57, 1], [58, 1], [59, 1], [60, 1]]}, '8': {'seen': 500, 'fail': 16, 'frames_fail': [[46, 1], [47, 1], [48, 1], [49, 1], [50, 1], [51, 1], [52, 1], [53, 1], [54, 1], [55, 1], [56, 1], [57, 1], [58, 1], [59, 1], [60, 2]]}, '9': {'seen': 500, 'fail': 12, 'frames_fail': [[49, 1], [50, 1], [51, 1], [52, 1], [53, 1], [54, 1], [55, 1], [56, 1], [57, 1], [58, 1], [59, 1], [60, 1]]}, '10': {'seen': 500, 'fail': 13, 'frames_fail': [[48, 1], [49, 1], [50, 1], [51, 1], [52, 1], [53, 1], [54, 1], [55, 1], [56, 1], [57, 1], [58, 1], [59, 1], [60, 1]]}, '11': {'seen': 500, 'fail': 14, 'frames_fail': [[47, 1], [48, 1], [49, 1], [50, 1], [51, 1], [52, 1], [53, 1], [54, 1], [55, 1], [56, 1], [57, 1], [58, 1], [59, 1], [60, 1]]}, '12': {'seen': 500, 'fail': 16, 'frames_fail': [[46, 1], [47, 1], [48, 1], [49, 1], [50, 1], [51, 1], [52, 1], [53, 1], [54, 1], [55, 1], [56, 1], [57, 1], [58, 1], [59, 1], [60, 2]]}, '13': {'seen': 500, 'fail': 11, 'frames_fail': [[49, 1], [50, 1], [51, 1], [52, 1], [54, 1], [55, 1], [56, 1], [57, 1], [58, 1], [59, 1], [60, 1]]}, '14': {'seen': 500, 'fail': 13, 'frames_fail': [[48, 1], [49, 1], [50, 1], [51, 1], [52, 1], [53, 1], [54, 1], [55, 1], [56, 1], [57, 1], [58, 1], [59, 1], [60, 1]]}, '15': {'seen': 500, 'fail': 14, 'frames_fail': [[47, 1], [48, 1], [49, 1], [50, 1], [51, 1], [52, 1], [53, 1], [54, 1], [55, 1], [56, 1], [57, 1], [58, 1], [59, 1], [60, 1]]}}}
  PoznanStreet           {'gate': True, 'calls': 4140, 'nb_seen': 3680, 'nb_fail': 112, 'nb_dropped': 112, 'cells': 180, 'cells_fail': 112, 'per_view': {'0': {'seen': 0, 'fail': 0, 'frames_fail': []}, '1': {'seen': 460, 'fail': 14, 'frames_fail': [[95, 1], [96, 1], [97, 1], [98, 1], [99, 1], [100, 1], [101, 1], [102, 1], [103, 1], [104, 1], [105, 1], [106, 1], [107, 1], [108, 1]]}, '2': {'seen': 460, 'fail': 14, 'frames_fail': [[95, 1], [96, 1], [97, 1], [98, 1], [99, 1], [100, 1], [101, 1], [102, 1], [103, 1], [104, 1], [105, 1], [106, 1], [107, 1], [108, 1]]}, '3': {'seen': 460, 'fail': 15, 'frames_fail': [[95, 1], [96, 1], [97, 1], [98, 1], [99, 1], [100, 1], [101, 1], [102, 1], [103, 1], [104, 1], [105, 1], [106, 1], [107, 1], [108, 1], [109, 1]]}, '4': {'seen': 460, 'fail': 14, 'frames_fail': [[96, 1], [97, 1], [98, 1], [99, 1], [100, 1], [101, 1], [102, 1], [103, 1], [104, 1], [105, 1], [106, 1], [107, 1], [108, 1], [109, 1]]}, '5': {'seen': 460, 'fail': 14, 'frames_fail': [[96, 1], [97, 1], [98, 1], [99, 1], [100, 1], [101, 1], [102, 1], [103, 1], [104, 1], [105, 1], [106, 1], [107, 1], [108, 1], [109, 1]]}, '6': {'seen': 460, 'fail': 13, 'frames_fail': [[97, 1], [98, 1], [99, 1], [100, 1], [101, 1], [102, 1], [103, 1], [104, 1], [105, 1], [106, 1], [107, 1], [108, 1], [109, 1]]}, '7': {'seen': 460, 'fail': 14, 'frames_fail': [[97, 1], [98, 1], [99, 1], [100, 1], [101, 1], [102, 1], [103, 1], [104, 1], [105, 1], [106, 1], [107, 1], [108, 1], [109, 1], [110, 1]]}, '8': {'seen': 460, 'fail': 14, 'frames_fail': [[97, 1], [98, 1], [99, 1], [100, 1], [101, 1], [102, 1], [103, 1], [104, 1], [105, 1], [106, 1], [107, 1], [108, 1], [109, 1], [110, 1]]}}}
  Welder                 {'gate': True, 'calls': 1280, 'nb_seen': 960, 'nb_fail': 19, 'nb_dropped': 19, 'cells': 80, 'cells_fail': 19, 'per_view': {'0': {'seen': 0, 'fail': 0, 'frames_fail': []}, '1': {'seen': 320, 'fail': 6, 'frames_fail': [[15, 1], [16, 1], [17, 1], [18, 1], [19, 1], [20, 1]]}, '2': {'seen': 320, 'fail': 13, 'frames_fail': [[1, 1], [2, 1], [3, 1], [4, 1], [5, 1], [6, 1], [7, 1], [8, 1], [9, 1], [10, 1], [11, 1], [12, 1], [13, 1]]}, '3': {'seen': 320, 'fail': 0, 'frames_fail': []}}}
